11.150077134608471 24.53104753059265 26.247316339863545 32.95221408993632 55.98353671546818 73.29342277623164 87.77615248360293 119.10451753534113 147.55305771882553 172.8871636916096 182.71955785542414 184.2037007432795 217.15050448502305 225.02639464826223 257.1950546754442 275.36939487035283 326.26355156223474 359.283666240956 393.6718421079477 418.4652730579541
432.3862321026917 436.89389779241304 477.3764816622761 491.31637444302487 492.2337972735391 507.44338452115124 513.6544018934663 529.6634392422284 534.7270808949867 552.4617457514203 553.6838666853716 555.35608590085 568.7154683912398 584.1883661050983 601.7042677362805 601.9319380429322 658.8633725320692 667.3952519239623 696.1752124627851 712.9767615697547
731.766479575372 739.2261793873689 746.4549145898769 759.7516224291489 771.2191232666465 781.4280247895067 826.1891856794313 830.5898671053491 890.1284026557099 894.7232869572508 903.0210145654039 910.7610592071935 932.4832751620926 942.8649532139166 966.5263047501427 988.2364089043372 1004.7973614236272 1009.5605681202524 1009.9500111394566 1061.823459125697
1097.9211769833507 1101.120100604771 1133.7955575680203 1145.7544175484147 1186.3254259759337 1208.077615485592 1221.4709698823833 1248.8131065573616 1276.4268390446555 1291.7041417642383 1307.37821114839 1324.2912732860968 1364.3385422060273 1373.5063983732487 1451.4277639629304 1511.643017201547 1543.476565855505 1559.0366543949342 1579.3644962314102 1584.9893231554247
1619.1684860589771 1642.320768417841 1651.558997648981 1653.1365988116354 1698.008592515673 1706.1825410518384 1710.0323204544654 1746.5022754589831 1788.3432710557367 1797.7066600940173 1834.2918627369286 1839.1831441789132 1867.8724956657666 1890.9055913224215 1902.32925760359 1909.1131415410778 1937.8333055688336 1963.060038189598 1985.9489837789968 2006.28064738245
2018.0321565981574 2020.6298252400202 2029.888682651989 2034.3888143381516 2046.886036503428 2075.5544483892995 2077.863763502559 2089.488823547414 2093.8418386548597 2107.321254193476 2111.744992413126 2134.674023405315 2137.370171263735 2137.4721557064345 2147.155653128613 2149.537675489863 2162.746682623635 2178.4671930948975 2220.1077441039265 2231.3628209362246
2237.650891234887 2267.6018015870336 2305.3218516402885 2331.081690791628 2333.0889101618677 2352.2384997968584 2365.4294534475075 2376.3051392460457 2402.5252738488603 2402.5518647724166 2421.5003426289395 2425.2324864487928 2437.1192383029907 2442.550817611032 2445.4354366499374 2475.0090508613907 2484.5691557589366 2492.1498684945154 2496.806452466219 2498.9390272293867
2530.8183592136456 2542.3541517786143 2543.117618429457 2548.079694917994 2556.4847467690543 2591.2438645426173 2614.1306882757785 2629.3132804479137 2633.5584432763712 2644.3108248043222 2647.2478445675974 2648.2102016262843 2734.4777759129756 2763.45208069817 2773.8757496944754 2778.8204002679195 2795.9445107789625 2809.959279599155 2868.5577802130238 2889.0493542993167
2904.780538621371 2927.626844625776 2933.8962037159868 2934.612851834967 2946.382417784832 2986.6356363293858 3015.651927731514 3031.477321286445 3037.757748651654 3039.172260484618 3068.6463603471493 3075.26887789313 3096.5371369716554 3114.4917770062975 3122.9557854056843 3155.4313189301397 3159.1094594449855 3160.046741640079 3170.970683895805 3176.048307434205
3197.3282179355 3197.9067965718764 3202.4212223635195 3206.990620419983 3234.4287797486504 3258.3691914330116 3258.719172491468 3261.00084684105 3280.608965363273 3289.3962123831357 3301.2510626776325 3301.976450072838 3304.2101480714846 3318.28972750951 3321.91987634901 3327.2840200273567 3419.296491582673 3427.1319639059507 3441.652816837828 3460.8935708520016
3485.8711857447356 3552.235823401302 3554.413715420868 3554.4290708944113 3577.7669843170133 3585.8485265761774 3589.1913347699956 3619.075895021622 3640.963422411486 3652.585699461166 3657.7704371174314 3722.1298989459374 3737.2500613820757 3750.3537302627265 3752.1955816257214 3818.951841399514 3821.145356733375 3823.628234152715 3828.025064409516 3893.3044160191653
3952.1999078053495 3991.244588148869 4010.1989473690346 4026.150074532351 4033.845483964192 4039.7904295635813 4044.657361039179 4053.295274504032 4058.52460720901 4064.7666691864615 4076.1295978203084 4083.903470684085 4114.569971478213 4123.889240537541 4164.346463800153 4173.702558787029 4192.483881470299 4192.996129514244 4195.824925099725 4216.824362398769
4217.011990670295 4228.114419464587 4229.906226301199 4230.606098768153 4247.5349708518 4266.713118468241 4313.247506705934 4336.6628933210695 4342.443626187116 4380.601653470478 4381.637635691641 4386.431715117455 4422.276165750615 4422.486152842308 4425.533387101526 4435.575073534282 4447.314015247156 4472.674158094828 4472.741835228082 4487.9087855332255
4538.46983418222 4540.600678147179 4543.342758707338 4548.589087484315 4565.338751827488 4568.619020187641 4568.973795643221 4591.742888768642 4595.264045356571 4623.13892448058 4636.657018218363 4676.4968683143 4734.333251005944 4774.765943706375 4781.0017362211165 4782.188765827114 4823.319588753869 4837.758603972111 4861.134293260887 4878.151518992402
4884.189323302337 4892.179985747797 4906.209591712928 4909.46480721831 4933.763283996487 4952.719994674385 5023.091335937951 5027.696523000008 5059.3077365065765 5071.595429288611 5095.871206375815 5098.420273897052 5105.723558159967 5130.506453681019 5162.147462985622 5178.298994210853 5223.886376378902 5242.5347163512115 5260.327041159431 5274.6825501472895
5277.043052521741 5304.276431269333 5307.616446149179 5308.615233257538 5329.114168790144 5355.551516435844 5362.402414824804 5365.123515416802 5385.291218435527 5408.946830489355 5422.309982191364 5428.838556432218 5448.040293445479 5452.9042513108825 5486.8349245016225 5523.916309898564 5532.7294572626615 5536.596083032893 5576.385976172876 5598.40213898017
5601.6719936240415 5604.059416983994 5608.597147137987 5613.473902135819 5644.480822989764 5678.111950338738 5699.541898034632 5702.043036490802 5704.706951929374 5707.342091054744 5763.667099038491 5783.230533673426 5794.752858000155 5801.894134598127 5817.45123935039 5826.870744419997 5826.962056917611 5836.8558953232705 5846.151182772722 5853.199284940794
5870.178144423158 5879.3398526991505 5891.660968323555 5934.314173548698 5941.4948634092925 5947.394681123782 5949.321135019519 5952.266604910123 5961.556854916975 5973.178838570553 5975.330028165252 5980.714166718619 5981.157402340512 5995.047759340132 6002.668628905621 6007.993165338958 6027.062481313831 6037.289102968917 6059.52444304679 6068.001295534628
6128.721061120461 6137.286684174536 6138.302392146971 6150.965522747647 6155.0067791091915 6168.332772087446 6169.50022213499 6182.486637742505 6193.378384598485 6199.312062994098 6227.486897730578 6227.6741460771045 6254.776928454422 6255.930760533144 6259.5349113137345 6335.064733526825 6368.80885403671 6387.719148815979 6394.554602678806 6405.485088474456
6410.301645134702 6435.986907878275 6451.67976395929 6463.346004229778 6478.825383504655 6481.332869917979 6492.078578182541 6503.155252823164 6529.014545647731 6549.3463517089485 6549.852111064527 6568.366071397779 6569.037202769473 6569.137425955664 6576.761729843944 6577.937445276618 6610.144214883851 6620.738082461028 6623.1379793057495 6650.914616035561
6654.3564673127785 6674.354461986539 6676.527062216866 6683.076930848994 6702.665918387765 6730.415350064576 6752.145715739522 6754.948823212941 6770.485686504144 6775.4087325319115 6790.25120783166 6815.549713044658 6828.896687563998 6834.2491755279725 6869.864329617726 6888.269553717253 6927.627703455491 7002.562839747218 7010.244320498231 7060.505275060628
7068.790352803452 7073.788347935619 7077.182653911559 7080.078254095249 7097.791862462986 7118.563735444664 7121.5905865368 7125.7243046868925 7142.935407195554 7143.498955549303 7184.253003637855 7218.272165537116 7219.494316434042 7225.990062229977 7228.617226955945 7243.687772307631 7271.052812531323 7283.36830008534 7290.217611823397 7293.480324244046
7321.407335177192 7330.898626497543 7365.359692405852 7370.532360407023 7371.686104859316 7376.327915222395 7376.631083141981 7384.775726588061 7387.317759337255 7401.519243802357 7414.6103219343895 7420.782871236354 7520.894968019871 7538.17951888652 7571.69272305369 7595.969248768955 7661.359708078052 7692.556159779818 7699.143767170384 7728.42468652722
7763.196555067165 7791.52470140746 7797.483241306085 7802.948768569424 7807.445490823183 7809.254402806495 7813.940581177721 7848.02686037503 7871.207709745891 7891.454894417933 7898.467426583336 7927.230135996952 7927.687625656039 7928.756829582221 7934.908387468114 7939.147211828852 7951.887265282157 7959.903007300816 7966.34546976696 7969.150464963717
7990.513909773474 8006.9832502299905 8011.466264918806 8027.000012877635 8043.271388911302 8065.5035666938065 8082.842949725288 8102.717505312245 8113.606701542008 8132.148927670133 8144.085409402105 8148.307767062206 8150.989252473881 8154.393254307778 8158.70279215104 8192.911226922504 8237.473302558687 8253.629417717122 8264.074922813355 8280.616432223804
8280.986336055039 8353.133441300291 8353.778683893557 8365.113754454203 8393.940976885313 8414.558712603566 8419.802149545776 8419.93630305384 8460.175153132299 8484.122681208919 8510.128648695538 8520.810685362118 8543.80787584829 8551.20898694615 8566.306670156135 8574.460529030635 8589.541712385773 8591.18424963637 8604.98192886211 8621.126984862058
8630.919041988836 8635.599516562808 8638.097098351185 8639.184134553558 8645.469271838205 8657.307828773559 8670.7069161826 8704.177845191163 8713.428304525245 8721.210613157484 8753.175438479744 8758.216870436305 8770.727923708364 8770.816474398638 8775.410148108593 8775.652007367753 8795.195813956569 8795.748322900365 8802.469087760981 8805.91939803925
8847.257198741856 8863.699863156815 8869.371161891371 8885.0219510477 8886.21968077632 8886.390707591587 8900.997122470153 8905.456297955343 8905.930896753765 8911.13497640001 8930.60876628346 8932.045354640799 8939.019898464374 8940.674170046828 8948.669603030517 8950.757250981671 8964.299640629886 8964.748616763734 8980.664403612918 9037.23948082718
9041.035740244472 9050.29202912175 9051.294015341859 9052.610376666054 9069.17792352643 9074.513174240874 9132.87308455211 9134.397584329912 9135.549060514972 9136.421522222994 9155.58097217053 9171.1329420028 9185.53878987495 9186.124663089762 9198.350778880691 9204.479123506479 9206.040049970377 9227.172533675302 9228.463635955133 9233.664530245904
9244.242232970319 9246.06037305828 9303.935205659376 9335.261579903525 9346.205206385494 9372.649113431507 9384.087427450433 9408.90832762255 9418.176421815191 9418.839667040023 9419.829374791125 9447.514310400393 9512.656602582172 9539.237559854671 9560.441329332347 9593.332580364113 9605.366889203071 9609.47669857853 9623.98321452666 9638.228318671441
9648.424539125388 9656.533912911049 9669.843447893534 9675.31927162706 9678.305376705108 9697.623553996908 9702.176496207345 9731.943693365372 9761.209261482903 9763.138375395087 9776.211681996521 9792.601140299466 9798.098666306176 9799.224679825835 9820.94727881409 9849.154055327765 9902.661268117148 9904.098811720123 9919.068341190517 9936.13874535734
