21.65556358403986 57.358465180620264 71.70448967797394 110.59053808455843 114.29623236466901 126.24945491046758 155.04447349408923 162.88833415174065 163.06394081517905 187.3052382425322 199.1114552469908 207.79965750841623 231.85452726594335 237.39439121993166 239.3780408111168 255.86122328697502 284.12348395335687 302.85790952823464 324.1129807294585 336.75017435472967
340.9761002430178 342.81479438448395 390.5282922552611 404.09968134145214 414.70427578639834 437.27649680609824 445.789646484559 502.21157534145243 508.1078895576452 509.54648825289553 509.8109215301894 528.205241474663 529.7512305124375 530.3472188554248 535.6952247988411 562.3720159456902 576.9907269083485 589.5194673352155 630.7266967474324 665.9506191715415
678.8622152311241 681.3159152857628 724.9564260873298 770.5603546660011 773.2519668160509 782.5499589880891 783.5275483523762 796.5434934316506 802.1486083599605 823.1012798454807 827.1823386886679 845.651944072463 857.4001758054573 866.4004291888838 896.544759732455 899.3200734885709 905.1440514612208 907.9620924243337 909.5287915079264 915.4018620008353
921.6626792598914 931.7565175694887 931.9594129708719 937.5700195739789 962.8862792431614 963.9626830897241 967.2783148562191 978.6598917368616 1001.4630781679413 1020.3060227502248 1020.6141739602792 1026.7105000233967 1058.4001619682415 1060.7288485373233 1077.7326794775045 1081.585545713707 1082.2981108441875 1141.5220946451677 1161.8302316385575 1203.1706764272476
1211.1886482160849 1233.4209040861188 1254.348916218556 1274.332236973109 1277.1271886329416 1301.1721366173733 1305.0063487816599 1321.0750635141244 1348.6891012696044 1360.8887725212394 1382.594025647581 1388.9746222656474 1413.6845077229555 1417.7640687220294 1427.586653431575 1444.092717955331 1480.605059812876 1513.5306035170427 1519.1577400713074 1531.6570013543362
1553.614465591484 1559.9486037076392 1569.3839150710132 1569.53491494512 1569.8140357460134 1583.8394046697147 1587.8997884421476 1623.9666614386028 1641.2537624001423 1652.9532359279754 1656.2615009152248 1679.8439117814657 1679.90902020559 1683.8924355307972 1699.505361957202 1703.42678032251 1707.7256007708975 1722.1111625293383 1747.1831811401084 1748.4366402972173
1752.4513149022769 1760.2151904858777 1774.34148338657 1774.8358966465817 1782.9247025706795 1783.475101427695 1822.9607773118605 1864.9937158524322 1900.4508282728173 1901.4643111539408 1905.1258284905214 1918.8164820688824 1929.7909963638738 1976.059916305134 1984.2720782005263 1998.7636709702228 2001.2994768757098 2022.5714043647524 2046.069845320222 2054.345022876498
2057.455088015514 2116.179176010177 2131.502213326996 2134.970039253066 2170.5138279119165 2179.921256998195 2194.4565706415165 2204.125665206802 2210.5277990878712 2244.0363742017767 2270.716570116044 2306.711660839107 2320.4480522486115 2324.2441468938314 2326.573156104694 2327.650919444474 2334.4294573582956 2335.7027562484923 2337.7034308276247 2343.4329780564613
2368.1796651048535 2401.5575449507155 2408.53250941655 2432.5589387390755 2442.638410054634 2448.7520591353796 2456.3549322067 2462.330514807188 2467.4335583302 2468.788110524648 2476.924130103119 2479.3458677033 2498.219703552966 2505.269763196152 2514.734274353828 2526.1227053076695 2540.5466133202035 2550.2633799750074 2554.317477215895 2556.3406576161506
2559.116010490787 2565.6969071608282 2591.349791022497 2598.851665970211 2634.939715705514 2660.782973253326 2700.9204945928045 2723.5689262980322 2730.5081138270193 2748.811780209357 2755.5046305672213 2768.016751576173 2789.8539361790176 2814.4964024228993 2819.2251907303034 2832.619737530384 2873.0677623538136 2879.879375202383 2879.9878444340643 2917.5015152787496
2932.4869840994184 2985.4142620104517 2990.5181893496624 3014.2537125434387 3019.760492917003 3028.600109692461 3029.4046254907425 3033.663143512432 3051.964343576804 3069.954271255283 3075.26636067988 3078.758143413446 3119.11041551345 3150.407265595323 3159.497060748003 3189.5837847301723 3221.0340045748885 3230.180859749886 3276.4786769371035 3293.9125684351857
3297.5134391623915 3301.070236482805 3309.1781361968688 3334.7101019629376 3364.194891182122 3366.3701205543794 3397.352050070405 3400.189421400249 3407.7127723443623 3416.126123848312 3441.696971076049 3461.750317380449 3477.3923797407724 3486.295122402039 3500.26666110279 3510.9391094747534 3539.703032899717 3550.9566378432964 3551.7903497959323 3572.5080973772037
3584.6493119749225 3592.2716756676164 3595.3112845728783 3605.2307717818567 3661.5213207864904 3669.8786429328657 3676.761529237682 3709.2842644272882 3722.111986587249 3778.2273953927815 3791.5052768304845 3794.359920767477 3796.618511743376 3821.710002153056 3821.77185339823 3857.610343535606 3861.3383468545703 3883.4105307942536 3892.4971991957423 3893.960186436144
3901.3971343162702 3951.251206629073 3976.597443354353 4002.1185473624932 4002.641470705758 4005.5433798582653 4069.019999321113 4085.7390842589502 4102.967371629713 4151.668589641835 4175.436119580462 4200.080181108124 4240.700472954449 4249.548601128338 4289.366004684336 4319.273568874113 4340.48478254004 4365.6144466944015 4370.146203391857 4394.156124331773
4395.4038874914395 4412.925050217958 4427.560133310654 4432.474168810875 4459.749163300437 4489.700124518625 4519.503754291472 4524.919521596396 4556.47142754975 4561.634494993273 4614.824891378136 4680.659899066579 4692.856342161796 4694.735971911526 4732.397575257152 4763.475478982076 4766.04539830371 4797.129744010325 4820.7272790056395 4834.791710170019
4835.917247937393 4838.844189676789 4867.651806737049 4871.645093930943 4895.632510940707 4928.662019638133 4937.572402947901 4953.423375951607 4961.030453396275 4962.679348868102 4976.089409389376 4993.034395495304 4993.964920825381 5006.655517097651 5066.217497135206 5084.0999667829965 5159.37078438862 5170.468662216892 5190.022872958972 5192.9294143058205
5202.337313155984 5203.795989257368 5204.518410604063 5227.772714569792 5238.2151693386395 5240.411791256054 5240.666979559504 5241.15135575631 5245.479119111119 5247.8547124117595 5274.075488185609 5278.145692294619 5283.082409222284 5299.731789814199 5310.337811198107 5338.1468522053165 5376.6940309159945 5377.273106053411 5393.6995226806575 5414.931241935663
5421.101721508248 5429.132518142923 5435.438854928541 5436.018562296316 5448.779141387283 5450.941974341155 5451.782943386575 5469.985897827323 5498.660597590617 5498.882619570374 5507.056650236054 5522.204233162506 5525.767182706219 5548.669397404292 5573.499484763812 5589.956389978063 5596.463959875251 5611.012662609783 5617.948354370086 5627.228989536304
5634.236361709418 5669.723966145191 5704.146152001986 5706.403178671651 5711.792598860962 5716.325338027437 5737.899862089969 5748.355828030787 5763.0804472408045 5797.97330700769 5799.908572958645 5806.249167534189 5825.460549692521 5870.958227030265 5878.86162701445 5928.509782476037 5934.255904628273 5939.893814693428 5954.7781575433555 5955.278590946811
5986.600033339351 5988.320640768578 6009.514091414939 6018.043480703568 6019.625635971116 6025.449505070869 6026.3375786926135 6027.627720445088 6031.625093975151 6033.246152725117 6037.226754080506 6041.339550634433 6053.093550008317 6090.625425219268 6101.773475048605 6117.922276305613 6127.90588595911 6138.084241782472 6182.9871220483265 6204.671803352506
6213.2932611573 6233.7342322468885 6245.109128652199 6287.938653187639 6298.73076697632 6301.1295039618635 6307.016284902531 6351.124270051777 6356.010408941124 6364.716078035175 6365.27748633245 6373.477493744202 6384.778462356453 6399.4531056743335 6429.722456160888 6433.637616686981 6456.633423641676 6467.386379754911 6523.70982090702 6531.158546938745
6535.946007348241 6553.468908106215 6556.2142506653845 6563.3063266331255 6563.763143076304 6575.194378103639 6579.656081223224 6597.2823635228715 6611.057111757979 6614.813930355849 6643.465874816916 6655.642908223967 6693.004558360739 6694.826393036586 6701.835932105186 6733.186655881427 6736.351937624648 6794.29693239298 6802.360516177656 6806.457250276859
6821.993277394249 6848.126832539965 6855.547566163753 6855.624560214314 6857.288441527718 6869.508332325902 6870.4236056158015 6911.051735858193 7007.529055800546 7028.706210298614 7047.943072175725 7048.237683007665 7092.4511281971945 7098.616989617963 7127.72045542313 7146.162662056392 7164.591870452046 7197.786540008103 7199.50203583268 7209.4262628621145
7221.939898762426 7222.905561876543 7229.045702650713 7231.37648660925 7233.084907500398 7239.840917227026 7242.9329484052305 7264.798895397182 7274.624198105325 7288.435158061508 7298.74286800474 7356.724712899445 7370.624010317365 7456.184399578021 7460.19551191863 7482.539480281406 7520.991127195823 7531.379099448022 7532.032545698101 7536.091680342073
7562.218310966386 7657.346271783607 7671.405104702361 7673.70152262155 7691.575290075712 7705.849911888905 7707.0758719173045 7726.034058018164 7727.561349439612 7745.634812939623 7750.934318680665 7767.561421883585 7776.429396649345 7778.575917123952 7784.307313432917 7785.7374438962015 7810.819083999342 7838.010150604151 7857.368786060864 7872.463950793275
7884.481161203553 7887.029940831276 7899.9105904705 7914.597006071828 7915.114930380764 7916.095312620149 7937.25338319895 7957.233483184856 7962.7108327239885 7966.794249203912 7971.306190471403 8011.385521019703 8029.101585586116 8031.532334720272 8041.225421380128 8081.4483005064185 8082.7795300517455 8093.800598234061 8143.234590992546 8152.442843812087
8154.956233233784 8164.888994390602 8166.02197520764 8190.165885638367 8192.517694901766 8194.067157148154 8232.584695379226 8259.36848087007 8261.547314384956 8291.777762265454 8308.081681817615 8318.994353665545 8319.510731265405 8330.488568422057 8350.466889339312 8356.936381992236 8359.426776278855 8409.828762175153 8412.309744491 8430.760348629468
8444.055123255015 8461.072259984887 8468.053847551293 8475.931646269582 8479.890114880984 8485.054082353008 8518.925972943469 8526.786502861638 8532.846003925495 8540.469437910959 8548.903534256844 8551.858225286796 8565.196978424201 8571.451054913705 8608.600079478852 8623.909491694354 8633.48260451574 8643.44483593616 8650.502881298033 8663.072679787896
8664.451596018274 8686.384543156568 8709.115074252992 8725.421961435623 8769.431872221996 8790.507529521063 8803.082218053245 8811.580651075235 8814.368914798883 8817.263213622382 8824.041661711086 8832.349240041787 8836.926328168085 8849.819407402389 8855.27345423262 8866.336589257138 8902.381936382866 8909.403744369232 8929.02823431232 8940.716320537787
8948.75350045942 8972.813617072929 8977.006753673726 9008.986298805357 9037.627561237252 9056.953206310367 9062.521241542936 9067.58982515771 9086.773092012716 9087.56022597179 9097.402327841344 9112.890135034324 9131.754560157187 9135.205485660292 9163.555181814594 9202.642289765014 9202.938879969204 9218.01024575553 9221.857937856246 9224.99498670342
9229.735656331835 9233.144720463042 9236.669432756882 9236.971447164377 9275.336412218907 9293.700055191308 9315.190905047823 9317.742523184586 9336.921089012809 9350.222827188103 9369.389262089402 9373.715834032011 9383.773099485265 9384.20588459436 9403.567413383018 9412.200892312707 9469.070412124942 9527.601517407544 9544.537782925656 9554.83561258295
9564.420470690678 9605.17410269114 9610.785026121803 9621.588771270786 9630.01820354021 9664.384626183572 9673.601126158268 9680.979352300066 9681.342542277638 9694.398949469669 9704.21827717004 9709.698140717854 9717.080420939892 9726.987401674836 9731.696817683023 9734.888490443074 9778.755536432134 9806.86235448018 9842.849075632812 9959.258862807244
