10.791212862953925 14.766673736914537 16.88082557931736 21.65556358403986 57.358465180620264 71.37818281672259 71.70448967797394 76.1102645296674 83.90566318104086 84.84012938683283 110.59053808455843 114.29623236466901 114.78805147868142 123.6531607001512 126.24945491046758 134.13060964655222 136.11228754970116 147.38892194607 152.01163475104363 155.04447349408923
159.04993327930163 162.88833415174065 163.06394081517905 179.30286157007868 187.3052382425322 195.87011146401156 199.1114552469908 202.98764721370932 207.79965750841623 212.27103060856624 215.5176080908583 231.85452726594335 237.39439121993166 238.47448611992726 239.3780408111168 244.37994472307102 251.40306161552607 255.86122328697502 264.4572836602765 269.0209590061654
273.83654354047326 284.12348395335687 297.477828240027 302.85790952823464 321.7791436421413 324.1129807294585 326.54272207634506 336.75017435472967 340.9761002430178 342.81479438448395 353.584034979586 371.4635276646383 373.2600172861522 381.0234434597637 384.9629895937135 390.5282922552611 399.7118982816095 404.09968134145214 414.70427578639834 436.8000836086749
437.27649680609824 440.7594077503352 444.4095793289171 445.789646484559 449.44599724385694 452.254814015679 479.7056284908052 502.21157534145243 508.1078895576452 509.54648825289553 509.8109215301894 528.205241474663 529.7512305124375 530.3472188554248 532.3858598460985 535.6952247988411 562.3720159456902 563.7118593958745 563.713502565264 576.9907269083485
589.5194673352155 605.4680458204975 630.7266967474324 633.6078896846298 658.2987133514595 660.6017087557569 665.9506191715415 678.8622152311241 681.3159152857628 724.9564260873298 732.4082999859827 761.3117069892251 770.5603546660011 772.9092509459879 773.2519668160509 782.5499589880891 783.5275483523762 787.8782348024549 790.8299760591219 796.5434934316506
802.1486083599605 802.7449585446711 823.1012798454807 827.1823386886679 831.2168009626197 834.3757796035045 845.651944072463 850.5197875492987 857.4001758054573 866.4004291888838 870.2515881801776 871.8165568576086 873.3350986300137 878.4668506334103 889.6036718585653 896.544759732455 898.1328341990835 899.3200734885709 902.5274069156919 905.1440514612208
907.9620924243337 909.5287915079264 915.4018620008353 921.6626792598914 931.7565175694887 931.9594129708719 937.5700195739789 952.8192582764893 953.7146576055344 962.8862792431614 963.9626830897241 967.2783148562191 969.762387095694 978.6598917368616 1001.4630781679413 1014.9377801970671 1020.3060227502248 1020.6141739602792 1026.7105000233967 1030.8968329109646
1038.5441786334438 1058.4001619682415 1060.7288485373233 1062.0096792223565 1077.7326794775045 1081.585545713707 1082.2981108441875 1108.32711527199 1131.3052820209534 1141.5220946451677 1156.6513704621295 1161.8302316385575 1166.799630424905 1171.7040257392453 1188.6573034432379 1193.044672619985 1197.8100140587267 1199.9589047430236 1203.1706764272476 1211.1886482160849
1229.5015116834672 1229.8425002663782 1233.4209040861188 1243.768319725449 1248.5344788556363 1249.1264755755394 1254.1951442443976 1254.348916218556 1256.1855624283357 1261.1130783382873 1274.332236973109 1277.1271886329416 1301.1721366173733 1305.0063487816599 1321.0750635141244 1348.6891012696044 1360.8887725212394 1371.0510407479549 1382.594025647581 1388.9746222656474
1413.6845077229555 1417.7640687220294 1420.669857128153 1427.586653431575 1444.092717955331 1446.9840832640068 1480.605059812876 1507.5213586259972 1513.5306035170427 1518.0517781869141 1519.1577400713074 1531.6570013543362 1553.614465591484 1559.3246402266536 1559.9486037076392 1561.4646579531477 1563.0847450698082 1569.1642682112395 1569.3839150710132 1569.53491494512
1569.8140357460134 1583.8394046697147 1587.8997884421476 1593.5542343969612 1593.966373951673 1618.713045791158 1623.9666614386028 1635.0379428485874 1641.2537624001423 1644.7149916852666 1652.9532359279754 1654.837416834689 1656.2615009152248 1679.8439117814657 1679.90902020559 1681.3924333027508 1683.8924355307972 1699.505361957202 1703.3629705390385 1703.42678032251
1707.7256007708975 1722.1111625293383 1724.1245947190498 1730.2120146369004 1747.1831811401084 1748.4366402972173 1752.4513149022769 1760.2151904858777 1767.2601599512127 1774.34148338657 1774.8358966465817 1782.9247025706795 1783.475101427695 1822.9607773118605 1823.3559416217292 1826.197221345559 1858.3962006534994 1864.9937158524322 1867.945409303108 1877.580704320617
1882.7978623059782 1900.4508282728173 1901.4643111539408 1905.1258284905214 1911.417170449583 1913.6813666815888 1916.7447493378243 1918.8164820688824 1921.5619808860129 1921.7251518771038 1925.3448560565544 1929.7909963638738 1939.9469601418773 1943.196563351931 1959.8927403457933 1971.0518483773953 1976.059916305134 1984.2720782005263 1998.7636709702228 2001.2994768757098
2010.3259674607154 2022.5714043647524 2036.8616228846226 2046.069845320222 2051.106414145837 2054.345022876498 2057.455088015514 2071.0172087888823 2080.4407166508877 2096.120459374965 2116.179176010177 2118.378938406408 2128.5311835320654 2131.502213326996 2134.970039253066 2145.3422644456377 2170.5138279119165 2179.921256998195 2194.4565706415165 2204.125665206802
2210.5277990878712 2213.579057847883 2225.243969097028 2239.3904814347275 2244.0363742017767 2256.0947102574514 2269.50490065738 2270.716570116044 2291.0052500362244 2295.4359148361614 2298.1660108203396 2306.711660839107 2320.4480522486115 2324.2441468938314 2326.573156104694 2327.650919444474 2334.4294573582956 2335.7027562484923 2337.46572122163 2337.7034308276247
2343.4329780564613 2349.949759837704 2356.0949019315944 2368.1796651048535 2371.0156992457596 2390.3448357218995 2401.5575449507155 2406.9123185198005 2408.53250941655 2417.8251089385326 2432.5589387390755 2442.638410054634 2448.7520591353796 2456.3549322067 2462.330514807188 2467.4335583302 2468.788110524648 2476.924130103119 2479.3458677033 2498.219703552966
2505.269763196152 2514.734274353828 2526.1227053076695 2527.3147121187967 2540.5466133202035 2547.418951185738 2550.2633799750074 2554.317477215895 2556.3406576161506 2559.116010490787 2565.6969071608282 2571.9614416218237 2591.349791022497 2597.007076870965 2598.851665970211 2604.1053440673 2611.2510885946194 2616.360948479215 2620.5515846732906 2627.063839783186
2634.939715705514 2648.270448654426 2654.8944094800063 2660.782973253326 2664.413022472579 2683.5844616459326 2700.9204945928045 2719.5726277467847 2723.5689262980322 2730.5081138270193 2730.909809602864 2748.811780209357 2750.9287731899335 2755.5046305672213 2760.223553588538 2764.2110984551937 2768.016751576173 2786.884621733554 2789.8539361790176 2804.246217929682
2804.9304898922387 2810.818955435984 2814.4964024228993 2819.2251907303034 2832.619737530384 2873.0677623538136 2879.879375202383 2879.9878444340643 2917.5015152787496 2927.3611001389377 2932.4869840994184 2954.8900107437657 2963.0409223284582 2969.728433040334 2985.4142620104517 2990.5181893496624 2993.0859701874315 3010.2910994825093 3014.2537125434387 3019.760492917003
3028.600109692461 3029.4046254907425 3033.663143512432 3051.964343576804 3069.954271255283 3075.26636067988 3077.004925483784 3078.758143413446 3083.270863381725 3117.775099729915 3119.11041551345 3150.407265595323 3159.497060748003 3162.288809256495 3176.5479793315953 3182.281439671393 3189.5837847301723 3191.3356192061706 3221.0340045748885 3221.9331827434285
3230.180859749886 3231.898155034604 3235.9126719091346 3267.36135943256 3276.4786769371035 3287.8860279706123 3293.9125684351857 3297.5134391623915 3301.070236482805 3309.1781361968688 3316.5132464236135 3334.7101019629376 3364.194891182122 3366.3701205543794 3375.978228611791 3387.0568003300104 3396.3830479144553 3397.352050070405 3400.189421400249 3407.7127723443623
3416.126123848312 3437.406648878161 3438.307808724701 3440.197248709167 3441.696971076049 3443.0612061415 3449.8166964836905 3461.750317380449 3477.3923797407724 3478.265391579808 3486.295122402039 3490.5355308735398 3500.26666110279 3510.9391094747534 3514.1851388416776 3520.773250295347 3524.1099036897085 3526.6553683920333 3534.8792417101604 3536.667169851616
3539.703032899717 3541.3393468477216 3549.0014625752174 3550.9566378432964 3551.7903497959323 3553.34734963192 3559.136459202412 3570.912948172821 3572.5080973772037 3574.451774426952 3579.223402386833 3584.6493119749225 3592.2716756676164 3595.3112845728783 3605.2307717818567 3611.400120458812 3615.839056767406 3629.775959219974 3661.5213207864904 3669.8786429328657
3676.761529237682 3682.494319651155 3683.6368290201926 3694.2535215432713 3696.4972915293547 3709.2842644272882 3714.898626012758 3722.111986587249 3728.946991606882 3741.8396617466165 3751.7217516052115 3778.2273953927815 3791.5052768304845 3794.359920767477 3796.618511743376 3812.639934991722 3821.710002153056 3821.77185339823 3832.524295776605 3834.854374894514
3844.8022976755738 3857.610343535606 3861.3383468545703 3865.826777227398 3883.4105307942536 3892.4971991957423 3893.960186436144 3901.3971343162702 3904.5145779523773 3929.6803045355564 3947.0039839081514 3951.251206629073 3976.597443354353 3978.174151842272 3991.3110687133526 3997.1710209114917 4002.1185473624932 4002.641470705758 4005.5433798582653 4025.437041370313
4037.0107068891025 4044.235732212066 4047.8215284986372 4069.019999321113 4069.362179342335 4071.090698268174 4085.7390842589502 4102.967371629713 4121.975655537002 4127.234360893729 4130.837913751439 4139.784325144687 4150.710173599243 4151.668589641835 4161.622021491218 4171.487210234482 4172.376548280049 4175.436119580462 4178.80136798595 4185.03886061282
4185.626281088445 4199.449774200201 4199.821269136915 4200.080181108124 4205.183964737341 4240.700472954449 4249.548601128338 4254.690145517075 4289.366004684336 4290.576568294469 4304.546588701533 4308.553783814077 4319.10658176097 4319.273568874113 4340.48478254004 4357.286961268206 4365.539063555976 4365.6144466944015 4367.525451004673 4370.146203391857
4372.842920929065 4387.488632497818 4394.156124331773 4395.4038874914395 4397.880034783374 4400.201347026889 4409.345363115533 4412.925050217958 4419.818497444498 4421.129808469685 4427.560133310654 4432.474168810875 4438.966031923255 4439.202594451248 4448.46876437555 4451.206638009618 4459.749163300437 4464.628746322173 4486.021433761398 4487.559960864077
4489.700124518625 4500.845148273249 4507.227024542045 4519.503754291472 4523.380470055815 4524.919521596396 4529.474496234401 4539.454105942335 4540.06191660883 4556.47142754975 4561.634494993273 4567.3651340908345 4614.824891378136 4618.038453897313 4630.944870208895 4639.322134208031 4645.93603030215 4680.659899066579 4692.856342161796 4694.735971911526
4696.509421616608 4713.680017022426 4720.861068393113 4729.489006662852 4732.397575257152 4741.621992486746 4743.063728986904 4743.477618656284 4763.475478982076 4766.04539830371 4768.446703697403 4769.55901347686 4781.3395853857355 4787.107672411046 4797.129744010325 4819.568966589277 4820.7272790056395 4832.071101287444 4834.791710170019 4835.917247937393
4838.844189676789 4840.411964258713 4850.394607425998 4867.651806737049 4871.645093930943 4879.491471576855 4895.632510940707 4895.83779256723 4900.440466455609 4928.662019638133 4929.793175878376 4937.572402947901 4953.423375951607 4958.996417284276 4961.030453396275 4962.679348868102 4973.532598166776 4976.089409389376 4990.5096798629465 4993.034395495304
4993.964920825381 5004.364119354598 5006.655517097651 5021.089984012083 5037.81428051127 5040.304791180895 5041.579347678514 5042.288399969065 5050.513045203748 5060.972830812254 5066.217497135206 5068.311565356751 5073.917232686451 5075.733962931761 5084.0999667829965 5089.815697065261 5107.870102838542 5114.547289383892 5122.08032282369 5155.245318682696
5159.37078438862 5165.290561597273 5170.468662216892 5185.236640429246 5190.022872958972 5192.9294143058205 5202.337313155984 5203.795989257368 5204.518410604063 5218.466739767049 5223.324792668816 5224.328862944606 5227.772714569792 5228.38831874446 5235.107979689402 5238.2151693386395 5240.411791256054 5240.666979559504 5241.15135575631 5241.193433909499
5241.204813832222 5242.660583737693 5245.479119111119 5247.8547124117595 5274.075488185609 5277.838075830156 5278.145692294619 5283.082409222284 5293.009743221796 5299.731789814199 5310.337811198107 5323.744229610924 5338.1468522053165 5362.277856825613 5366.103990201322 5371.845086984735 5373.322718985158 5375.7639589198625 5376.6940309159945 5377.273106053411
5383.527789795083 5390.668258989061 5393.6995226806575 5395.988371382754 5414.852050042146 5414.931241935663 5421.101721508248 5429.132518142923 5435.438854928541 5436.018562296316 5440.973250847033 5446.854809202317 5448.779141387283 5450.941974341155 5451.782943386575 5461.8654455804635 5469.985897827323 5476.121292217176 5483.83004852835 5498.660597590617
5498.882619570374 5507.056650236054 5509.044430312358 5517.874186642333 5521.057017627505 5522.204233162506 5525.767182706219 5528.507143944678 5542.86834777964 5548.669397404292 5550.556039777603 5551.753445123892 5553.449827595064 5557.896018788364 5560.1092452979865 5562.910777379328 5573.499484763812 5589.956389978063 5595.175966009677 5596.463959875251
5611.012662609783 5612.400880504392 5617.948354370086 5622.293976278461 5622.453969737323 5627.228989536304 5634.236361709418 5639.688849085035 5641.498670718551 5645.412634702321 5666.130738644068 5669.723966145191 5678.59421544068 5687.524091338004 5695.751143472031 5704.146152001986 5706.403178671651 5711.792598860962 5716.325338027437 5737.899862089969
5741.237794293335 5748.355828030787 5762.558057713837 5763.0804472408045 5766.340816020363 5768.641523589713 5780.419462021251 5791.897150945721 5795.558942388659 5797.97330700769 5799.908572958645 5806.249167534189 5825.460549692521 5834.437828543109 5838.453324261654 5850.375454964335 5866.0614979284765 5869.9768268091475 5870.958227030265 5878.86162701445
5906.312975118385 5915.378066735954 5926.101502767651 5928.509782476037 5934.255904628273 5939.893814693428 5940.184910997375 5954.7781575433555 5955.278590946811 5960.347698975693 5975.738143058303 5986.600033339351 5988.320640768578 5996.430966659236 6009.514091414939 6018.043480703568 6019.625635971116 6021.895037354873 6025.449505070869 6026.3375786926135
6027.627720445088 6030.876807990516 6031.625093975151 6033.246152725117 6037.226754080506 6041.339550634433 6050.478252701615 6053.093550008317 6059.7452334647305 6075.258727596345 6083.632476648475 6086.1636629904515 6086.764288760968 6090.625425219268 6096.028026301758 6098.3696379735975 6101.773475048605 6117.922276305613 6126.049936628464 6127.90588595911
6137.940285029582 6138.084241782472 6145.699400754394 6182.9871220483265 6187.046353486711 6204.671803352506 6206.831870737279 6210.731828395152 6210.825032551377 6213.2932611573 6233.7342322468885 6235.260414248347 6245.109128652199 6249.336424989103 6252.067745220161 6256.619264367742 6279.696042312422 6287.938653187639 6294.494403670057 6298.73076697632
6301.1295039618635 6306.316130307242 6307.016284902531 6310.891019579312 6326.5535133156945 6342.683356827638 6345.262422127349 6349.588903431059 6349.790811449903 6351.124270051777 6356.010408941124 6361.327607288166 6363.950246386222 6364.716078035175 6365.27748633245 6373.477493744202 6379.788390529124 6384.778462356453 6399.4531056743335 6413.822303652258
6429.722456160888 6433.637616686981 6433.985183554666 6434.275856430696 6440.950698364965 6442.209456725667 6456.633423641676 6462.553040074521 6464.92643690577 6467.386379754911 6467.735902946801 6470.694051585171 6472.055371808651 6504.576656285201 6511.045000684893 6519.459253022588 6520.73555847193 6523.70982090702 6527.08918542053 6531.158546938745
6535.946007348241 6553.468908106215 6556.2142506653845 6562.891409168431 6563.3063266331255 6563.763143076304 6575.194378103639 6579.656081223224 6597.2823635228715 6611.057111757979 6614.813930355849 6618.730377633189 6643.465874816916 6649.190120077622 6655.642908223967 6680.870980042977 6693.004558360739 6694.826393036586 6701.835932105186 6707.295470536481
6710.339947059682 6733.186655881427 6736.299103213396 6736.304299609642 6736.351937624648 6742.910280806473 6780.968421168708 6791.287758966009 6794.29693239298 6795.691665939565 6802.360516177656 6806.069382798521 6806.086855060709 6806.457250276859 6814.69813925672 6821.691204560777 6821.993277394249 6826.915751410844 6847.249614016478 6848.126832539965
6855.547566163753 6855.624560214314 6857.172768629412 6857.288441527718 6858.97726325309 6869.508332325902 6870.4236056158015 6877.606178060839 6889.858739478171 6898.475173538731 6908.822871842299 6911.051735858193 6917.146274030448 6928.170582145852 6957.082313612277 7007.529055800546 7012.502472068969 7014.047290741694 7028.706210298614 7028.714554625023
7037.802726851167 7047.943072175725 7048.237683007665 7058.29774723981 7080.136078005804 7092.4511281971945 7098.616989617963 7108.753783436447 7109.261524864197 7111.4533793409355 7122.230041577435 7127.72045542313 7143.047186118003 7144.07093058826 7146.162662056392 7151.085670119739 7164.591870452046 7173.580351777964 7197.786540008103 7199.50203583268
7207.975388988959 7208.066978115525 7209.4262628621145 7220.092393099668 7221.939898762426 7222.905561876543 7229.045702650713 7231.37648660925 7233.084907500398 7239.840917227026 7242.9329484052305 7264.798895397182 7274.624198105325 7286.273507662782 7288.435158061508 7288.478120715022 7295.591273839531 7296.83136783158 7298.74286800474 7324.520244097324
7327.435870624958 7328.440250345034 7356.724712899445 7370.624010317365 7381.43798387679 7406.379772125973 7428.535330246753 7446.999996933279 7456.184399578021 7460.19551191863 7471.581105537012 7477.049107378521 7482.539480281406 7498.789704020697 7513.311554960384 7520.991127195823 7525.447195858073 7531.379099448022 7532.032545698101 7536.091680342073
7562.218310966386 7657.346271783607 7671.405104702361 7673.70152262155 7691.575290075712 7705.849911888905 7707.0758719173045 7726.034058018164 7727.561349439612 7745.634812939623 7750.934318680665 7767.561421883585 7776.429396649345 7778.575917123952 7784.307313432917 7785.7374438962015 7810.819083999342 7838.010150604151 7857.368786060864 7872.463950793275
7588.922235034826 7604.235338167543 7626.940502866876 7635.995745727755 7645.001267484025 7665.383887179628 7678.18123985238 7680.122105561785 7737.79057442123 7745.932163438355 7756.5602439862605 7821.940268823655 7824.888715248055 7826.866904891662 7829.754527880609 7864.949665202631 7884.232311062019 7884.481161203553 7887.029940831276 7887.271940843428
7896.783802218145 7898.531668222971 7899.9105904705 7914.597006071828 7915.114930380764 7916.095312620149 7925.6846373527615 7937.25338319895 7957.233483184856 7962.7108327239885 7966.794249203912 7969.4835639390085 7971.306190471403 7982.930629195818 8002.757191161143 8011.385521019703 8012.843165087908 8029.101585586116 8031.532334720272 8038.220353103414
8041.225421380128 8056.396131920855 8081.4483005064185 8082.7795300517455 8088.007125733673 8093.800598234061 8119.750102209004 8124.491249856528 8143.234590992546 8152.442843812087 8154.956233233784 8155.626942145101 8163.307113622108 8164.888994390602 8166.02197520764 8166.22256301704 8178.378152081596 8190.165885638367 8192.517694901766 8194.067157148154
8231.785258897982 8232.584695379226 8248.052545607357 8259.36848087007 8261.547314384956 8263.75565714223 8273.80657531144 8282.305286450026 8285.67950028411 8291.777762265454 8307.517823151251 8308.081681817615 8315.113707189645 8318.994353665545 8319.510731265405 8326.672073895163 8327.529940729934 8330.488568422057 8339.704570688391 8350.466889339312
8356.936381992236 8359.426776278855 8363.47718593696 8375.226293267577 8387.677634477503 8389.248052123476 8403.10292062831 8409.828762175153 8412.309744491 8421.66745206771 8430.760348629468 8440.598343697326 8444.055123255015 8444.6487951509 8453.870440346504 8461.072259984887 8468.053847551293 8474.383511786746 8475.931646269582 8479.890114880984
8485.054082353008 8487.340050757775 8518.925972943469 8526.786502861638 8532.846003925495 8533.438355066444 8533.873778868558 8538.326562494161 8538.792443832914 8540.469437910959 8544.22973340181 8545.173039186408 8548.903534256844 8551.858225286796 8558.944054227524 8565.196978424201 8571.198948965934 8571.451054913705 8592.813489041928 8593.021163612939
8593.10120707824 8608.600079478852 8618.76568712344 8623.909491694354 8628.999509775567 8633.48260451574 8643.44483593616 8645.890601015642 8650.502881298033 8663.072679787896 8664.451596018274 8686.384543156568 8686.736698828408 8691.820161016149 8709.115074252992 8717.063992934072 8724.014023712702 8725.421961435623 8731.987943981154 8766.734925483983
8769.431872221996 8778.329126633756 8780.827253365323 8790.507529521063 8803.082218053245 8811.580651075235 8814.368914798883 8817.263213622382 8824.041661711086 8825.100111915943 8832.349240041787 8835.799413252724 8836.926328168085 8849.819407402389 8855.27345423262 8866.336589257138 8896.512029670406 8902.381936382866 8909.403744369232 8909.794575483123
8916.659244914534 8919.140503591732 8925.06143778083 8929.02823431232 8940.716320537787 8948.75350045942 8972.813617072929 8977.006753673726 8980.794828496579 9008.986298805357 9012.929011584361 9035.243191630374 9037.627561237252 9044.686965440082 9056.953206310367 9062.521241542936 9067.58982515771 9085.997538994941 9086.773092012716 9087.56022597179
9088.658523476179 9097.402327841344 9112.890135034324 9125.161199557113 9126.901003566638 9131.754560157187 9135.205485660292 9152.509916634936 9163.555181814594 9172.448139168313 9187.261161283584 9201.286958695448 9202.642289765014 9202.938879969204 9203.973791422548 9218.01024575553 9221.857937856246 9224.99498670342 9229.735656331835 9233.144720463042
9236.669432756882 9236.971447164377 9243.892571570248 9249.330487380112 9275.336412218907 9278.599245471316 9285.419191397283 9293.700055191308 9315.190905047823 9316.889598196856 9317.742523184586 9336.921089012809 9350.1346667132 9350.222827188103 9355.584613398712 9368.857693746257 9369.389262089402 9373.715834032011 9383.773099485265 9384.20588459436
9402.908803192617 9403.567413383018 9412.200892312707 9469.070412124942 9480.501938406898 9495.195654003885 9496.43566965738 9499.345713767381 9511.85551434607 9527.601517407544 9528.72478153702 9544.537782925656 9554.83561258295 9555.320048708192 9564.420470690678 9570.599625921086 9574.648818685142 9576.924811596835 9596.772885986153 9605.17410269114
9610.785026121803 9621.034788534405 9621.588771270786 9630.01820354021 9664.384626183572 9673.601126158268 9679.201593176595 9680.54755463978 9680.979352300066 9681.342542277638 9694.300706517182 9694.398949469669 9704.21827717004 9709.698140717854 9717.080420939892 9717.109925478082 9726.987401674836 9731.696817683023 9734.888490443074 9735.392655167398
9774.012925595798 9778.755536432134 9802.228466653643 9806.86235448018 9825.842650708128 9842.849075632812 9862.049258631694 9873.985876136598 9907.767433217123 9923.058672250141 9935.65898199309 9938.502606269174 9959.258862807244 9960.30842886142 9962.010604434789 9963.450962295155 9969.536897894694 9972.435136767526 9988.837992461322 9998.057169343285
