1.479390032385064 5.249879598625551 14.426191249027331 14.434666351715864 16.319080049437275 39.077404764769064 49.79282658895134 51.03687318120498 56.80104530415786 59.743712523833146 75.03165876390882 81.75310900578326 87.18155678704042 91.30867653864505 93.15735461204233 103.50052729962367 106.17687205175753 140.3738178131875 142.53791023997263 146.78567184907342
156.9590254210418 174.01203738527383 177.69697386178396 179.70472869789478 180.6476638471177 189.2894890890151 220.00170974668555 234.0276537249053 242.3654178404333 255.01818036351654 259.88614314121025 270.50442908643555 272.6396108004026 276.95749429724634 318.9500568447434 325.97964537192325 330.6699991841622 333.05963588864284 341.58769142412336 346.3315306991821
350.2795579583251 357.1013569637016 359.1131262213432 359.76257890000363 360.4853396266161 370.7497007461946 377.9039320466926 386.7844194242298 398.8655688577047 402.0842950177794 409.18678900817685 409.9564891995577 411.35250904186347 412.94720458529 413.47252673969325 427.3548859706222 433.1879474787359 434.1284987108485 435.81228417770234 446.72653836079655
462.85248201927584 487.60046391604584 488.4779921065696 491.4201873820856 492.51873215868767 500.18588276259266 501.43143107994723 506.2650384028322 518.8054725956881 522.1805675304603 525.3417634117042 526.130183836313 526.5552590204625 529.2918698137672 529.4674960109646 534.4170720700181 553.4229998561647 555.2611640797122 557.134796904386 560.142215545949
560.290054580187 560.3773296867431 567.9830332546054 576.0563082154468 605.5805104193036 607.5672789326625 622.4886303114441 625.7443879673385 633.3517706208191 635.7242402686192 637.2683898796616 644.556704590693 645.9795449673555 662.4707322749979 666.9023244451499 681.5649550115588 689.9137292500445 713.3713407939779 718.2904521101285 749.0151021431324
749.8133957352926 752.2941017813267 755.8472989677334 756.4758335141375 758.9967576495094 764.8927945776895 774.0401849577372 776.567269636571 780.536043542569 791.0031934017093 821.9033620140515 828.0003327059815 834.5547863510893 837.5873551367397 842.2598823543992 849.9027956251681 850.658769828766 855.3503851627353 859.6157397854442 868.954440135663
878.4284475472203 890.4116309005317 907.2932871940209 919.5070498600444 920.0487130675527 931.3624108036245 949.3152343267398 960.509315482988 968.9189845198631 972.1355038766887 983.831529961402 986.1522420199809 989.3674530209917 992.5700276798688 995.0624655616813 1005.4604685040414 1006.7311711600369 1010.2259158481952 1018.5120205947907 1022.2331018295006
1026.3463571013608 1044.1597160812555 1048.0338681786138 1050.8588869785085 1063.8523432543768 1077.7432648588315 1084.140820978886 1086.054491022249 1103.8518081966208 1121.727877125569 1126.5828781603736 1128.9148967094286 1150.0945396112284 1155.2865487742447 1155.3426103002462 1159.854415763114 1162.0496864851616 1167.1395413407358 1167.3992717610915 1175.4736863047465
1184.7380679344221 1196.2349147434204 1197.5875276873016 1210.4464462640817 1212.681390460829 1214.390467640224 1218.2754883348468 1220.364221673751 1233.242366591466 1241.1036578850976 1245.4032320339793 1252.7000252059606 1253.4875608585617 1260.407907016171 1271.0810319898712 1306.2343608122694 1311.0447193131758 1323.2849793638036 1334.8064611397658 1342.8225660453886
1360.2456094896386 1366.0445564547952 1368.8902538907532 1372.9484335185994 1373.5944625773955 1379.6797250075088 1386.3926560772088 1390.122677220671 1396.9417178867393 1405.6286519552364 1409.393096472169 1414.454336904043 1417.4487494275213 1421.4896514456786 1422.535032821457 1423.4401125262375 1423.9172988583248 1427.2006077933663 1430.6191108118992 1430.8464182301238
1454.1485313110281 1459.4905822749204 1472.1746351132947 1474.363211229006 1499.6068693557618 1510.4032272986933 1514.43423223103 1552.9365678207907 1555.0593393737488 1555.5775277347882 1561.4136609805685 1562.8003731250117 1571.3156230326786 1576.289388192783 1582.6626008972987 1587.3430081076135 1588.4918375456857 1601.2193696253273 1609.1758277138358 1612.3110234797
1618.897018841855 1630.2453914107418 1635.5045772524368 1637.404675578167 1649.1993430063246 1662.8374120589463 1674.3384673178384 1679.9410876903353 1708.2107031303906 1712.311729306748 1733.6516365837274 1744.3801713074436 1748.4364609994718 1759.0853723706489 1762.035168128606 1774.2125976693824 1774.2271700470858 1775.3424614401792 1781.871623477238 1784.4378875071
1785.4366735334781 1787.781801141395 1801.8884955993585 1806.8696337765966 1819.6094832432896 1824.4847000132302 1825.6939256492476 1827.8257841344946 1836.2262155502428 1836.4732617910306 1837.8241755033741 1843.4910765537084 1859.0379172782111 1868.5388289745042 1870.3054812744836 1872.743094048932 1877.7297875457389 1879.490879476745 1885.7808670449883 1892.51280032932
1905.5042210346462 1906.9675321292211 1921.0686128513232 1936.7987768424512 1939.8097629280087 1943.5119823491887 1954.173011756888 1962.6516617142286 1967.0225944378926 1972.2357415705428 1973.7410155524838 1980.82089107527 1992.0125996092352 2002.4312491168505 2012.2282596909004 2017.220186005153 2017.873142916231 2020.3381808588915 2056.790919279159 2060.559829683134
2078.2364333076052 2084.3683797014246 2086.3273693268156 2087.62746281836 2089.768025649578 2096.0259492601385 2097.864488221086 2099.5470228338963 2126.3667108344152 2128.1464215411715 2140.1510544361736 2148.5315525755154 2149.14830880093 2195.479275058765 2197.737712378439 2197.8294623833494 2206.05172559153 2210.5272350452 2228.006788354188 2234.7265590946986
2238.9454306105395 2248.4785926777395 2257.4370832032296 2258.576632432827 2279.076976534171 2280.324199940654 2291.8728671427402 2293.957686095327 2295.441159834136 2310.474511594215 2316.4248956926967 2321.036445898601 2323.16828984881 2340.301898998608 2358.1082042393264 2361.4454459094936 2362.477277469237 2369.6947187337546 2371.7102168155325 2373.3168087447575
2386.61498899312 2390.305276569297 2406.0701771868985 2407.7354191077625 2410.521844962219 2420.197376859573 2428.394589317746 2428.911394450283 2456.329690753305 2466.2452500376153 2478.8490171768653 2480.9679599339875 2481.435092702029 2484.282224127526 2499.0365479647103 2500.431967206013 2507.459835540864 2521.660722170964 2526.7506221732806 2526.859457651892
2529.332730603151 2532.184556806384 2540.409417340507 2558.041604813438 2574.424572512154 2576.0130228755406 2578.431329748464 2583.5463360119193 2589.117786497822 2591.767928033799 2598.541642526637 2600.2407644179116 2612.635000804422 2621.3788221686564 2622.096593659691 2648.5099793197355 2659.8542650255154 2665.297674967829 2671.2826038656976 2676.8273624698368
2683.186701160347 2693.8331700498175 2701.965084793311 2722.51480047634 2728.945682212941 2729.0761234544434 2730.523167375236 2738.273236418638 2749.0686682696696 2750.129086295877 2752.5270488389488 2759.300841405777 2763.3386957224025 2766.809075009513 2775.079186979793 2785.133358681959 2789.5703784351344 2792.1034139485923 2796.0206926829965 2805.5479065906784
2807.491932725884 2815.01711301659 2815.476704647196 2826.912942996038 2833.5473944621203 2840.500579102214 2846.0115468704294 2847.564262928467 2850.209173847702 2853.972296764539 2865.578108943777 2875.2326928307016 2889.611664187982 2898.880272904443 2899.364368823858 2901.1252689629664 2901.346054133974 2904.4470502424138 2905.806540721346 2914.2087097229373
2930.289154601178 2934.227422913087 2950.9987899493485 2953.3677736216714 2958.1643393992076 2977.879968598829 2991.7322780254262 2996.5017072393885 2997.7342337843247 3015.856680864535 3018.2264426623806 3020.74876629018 3046.243998331152 3055.8008082961364 3059.95155462625 3063.6097419745024 3094.5994705480052 3098.766584469821 3109.067664248817 3119.604100882016
3121.044828335956 3122.6051178251214 3127.316740327544 3127.6316580680864 3148.998098059185 3168.244079957594 3174.9598623284105 3178.1950577831453 3179.0256710262297 3201.9996462360214 3205.8111895978823 3214.8561403884146 3224.0573233044256 3227.8936527680803 3228.8091411833752 3231.297425016756 3234.435358526185 3234.9122743853486 3252.319468700616 3252.697545648395
3265.3897182920746 3284.246510826371 3291.199774319823 3298.517093686103 3300.9884203038787 3303.8593790213467 3315.7891367854354 3327.5305432352097 3346.447304234431 3347.4693263971744 3349.4500097833125 3370.328807741395 3384.0493060891217 3388.5504726598747 3392.406327388089 3399.8689436143127 3412.456864231612 3417.2999860483433 3418.6531332900004 3418.671734743822
3422.8511103149904 3442.42523065051 3443.6669552055178 3451.9319343746893 3455.902573756252 3460.5528883117477 3473.6270731063655 3473.814941410158 3480.4128831557136 3487.097262047648 3487.8040514207178 3498.966340051416 3502.3474413699164 3508.488697955424 3519.82061330113 3524.5021559505717 3524.6682035626995 3545.1571793407957 3560.8393556189053 3571.967578985621
3580.8604564025736 3589.9598113916477 3594.730213628338 3624.573415910117 3628.9287054420793 3632.5712119967866 3636.1929075163102 3642.0107087795695 3645.498182206055 3650.2265579457126 3650.4146958701067 3651.98088180092 3660.965605410279 3664.4578137841645 3674.332581312081 3677.253070466905 3684.628875530308 3699.4377164195503 3705.566671075583 3712.5696938281017
3726.8286241425617 3740.8207601887775 3742.3152051310003 3748.3194260212426 3759.3600106648596 3771.64482680178 3782.40015578688 3787.80635517186 3804.4512300398724 3804.559497658191 3818.3770210095445 3820.565176697329 3840.8981346125006 3856.5941964355598 3858.2417340216457 3864.286622338208 3879.530518128429 3881.5228279841162 3884.8141421142977 3885.745891277508
3887.8098909347846 3903.1032373191542 3904.426056330509 3925.155364786512 3934.1854866137305 3935.7429482249327 3943.4365856144927 3946.6950001107457 3958.823044978731 3961.4135623278626 3963.5416424033897 3988.301971776095 4015.950683245837 4016.929375742343 4018.8472176983623 4043.6285990962597 4063.6314207381583 4067.1993093117176 4068.0814539607713 4089.394011114067
4108.873776650548 4121.131915247901 4128.909309727883 4138.655400142931 4146.436468376484 4150.144275020015 4174.830019861696 4191.728785363238 4196.977501123171 4207.488956834508 4225.188519786441 4234.553494806936 4249.7185124878015 4251.841852017505 4254.0962700430855 4257.269504471262 4264.400598004071 4278.978616779884 4288.052592618391 4289.772312476495
4290.764113584751 4290.899527614935 4294.444414224273 4297.095946204073 4298.160016304736 4323.731243296889 4331.582732402062 4348.798818986691 4350.515628148469 4359.328422881932 4360.741779422819 4368.163300511123 4370.787962912266 4371.090457645643 4386.821863907175 4388.81555838213 4392.1962575189955 4411.413639669859 4433.528613590591 4438.2217117257815
4447.353000249929 4452.801754920993 4462.224557418966 4485.000355542209 4487.645608298655 4488.150785262662 4488.869705008999 4495.154607898047 4496.12351233063 4511.352655436942 4513.857484612295 4519.207525482614 4520.941084564551 4534.379393960978 4544.220697105213 4548.709654258927 4550.804418335743 4554.320686509054 4556.441927336924 4561.074816331548
4574.900586018057 4585.886799600007 4599.188832002989 4634.968543295902 4639.563108009182 4653.844068097517 4657.106229289181 4659.374015214187 4660.896523029165 4668.849117734645 4685.0210626928265 4692.388645045602 4700.194679753288 4733.266079673077 4734.066675034758 4748.019461659617 4750.9356330305445 4774.988129151248 4776.213448123873 4788.402212441807
4831.476518867293 4852.4031030426795 4864.649408615497 4867.351128475456 4868.446860418071 4869.445406756172 4901.923310125898 4936.9433711188285 4945.048354906453 4951.500302738854 4961.61772108632 4986.675592806131 5009.3071918007045 5017.431470331383 5037.68576496945 5056.172958732153 5067.699699190953 5074.692560882729 5081.062574405089 5085.92631224787
5086.672728579491 5092.847460500389 5108.353904277935 5120.471506444481 5124.869079472626 5137.05569948389 5147.720863681907 5151.915719896278 5158.751467287079 5161.838801586169 5165.63752636543 5189.986642551065 5202.7743649980075 5204.03242998967 5210.623547266941 5213.696398091881 5225.99434166383 5229.69559864306 5232.743513423813 5235.209129397324
5236.214616374566 5240.499109192058 5244.711097698527 5270.164539341226 5275.899358001537 5290.8185879660305 5294.190446516161 5301.086626019694 5302.014747167249 5305.374056037685 5306.3765244451215 5330.681066952146 5331.720351146861 5335.82761950894 5339.697010213953 5343.255137797097 5349.110064096019 5352.466315300138 5369.469996666087 5372.559569556691
5383.998847665529 5387.229376620326 5388.598213396982 5405.542837847841 5408.878213333463 5408.9292454638835 5420.370076386841 5429.676885389693 5433.833169351492 5434.943255044492 5453.571339698961 5457.037915961505 5463.22026666035 5465.727679456295 5482.486101506697 5497.123652429306 5499.447879089989 5504.391122161488 5522.986882462565 5525.175635631756
5533.228985315531 5535.1029623762415 5560.95384449095 5563.871533193534 5568.242718763605 5586.219998677488 5588.657584784334 5603.802856239942 5613.286252805483 5625.239708096964 5632.737419417668 5636.389049782131 5684.508444957298 5686.5712757936235 5687.727277887277 5701.310410633081 5714.955416129453 5724.794126123353 5727.063612361933 5734.621714305019
5741.768951764624 5748.10853622448 5751.82325550339 5752.348095018035 5754.488524305715 5758.747864933661 5766.190456312834 5771.441168590543 5776.08730125787 5778.291656929676 5778.712969628829 5785.75267699819 5789.1915478656965 5789.287384842745 5791.930264033804 5792.044035978179 5796.5029153940595 5814.846516696053 5818.517793749187 5830.872847182201
5849.820750205286 5857.263041481022 5860.9626873102525 5868.77395444575 5869.420409604852 5881.130170762335 5892.795205269201 5901.795805007002 5923.511000489995 5932.909036551749 5959.147923134073 5961.883951298929 5966.325496989371 5967.879374229472 5970.707415717681 5977.7494609178575 5978.458183538757 5986.86558014857 5988.107937946061 5999.245722971026
6002.17089413057 6014.14037056911 6026.369014084153 6028.71573368198 6030.531659398099 6030.665786572772 6043.567929531894 6050.685093493601 6056.759586541811 6061.959211308719 6062.857499895709 6069.052650802472 6074.624041033571 6079.804373989501 6089.720084628406 6099.021255832297 6101.599744207823 6102.115196213028 6115.6767689316 6120.869751943594
6120.930693416624 6129.326045731211 6132.915701817312 6136.113719205483 6143.832154473008 6148.097462471508 6157.548355675214 6166.417770784153 6167.735067092125 6170.072858866405 6170.634896974948 6183.844498064484 6186.103965137203 6211.027271030992 6221.845537872519 6225.215435491962 6226.901987370969 6228.2284569565845 6265.910746707766 6286.144880611654
6290.204628600421 6296.346057122943 6297.80085761875 6308.919669808171 6312.269157561749 6324.935163896546 6340.460815435043 6343.114589274347 6351.671753280276 6357.479381590619 6370.199490456739 6372.90382091153 6373.062023786312 6380.916936013727 6387.138256154628 6403.261632034451 6408.868183507763 6426.76536043063 6438.36316441441 6438.638667237632
6443.24449359217 6445.553837894125 6447.623565594438 6449.330089023138 6468.601088145895 6478.6630962620175 6483.153227053897 6483.155335388169 6490.7685643459245 6514.197110483283 6525.498694310719 6535.316930283429 6578.91024312166 6586.690707774971 6586.988486951652 6599.308176706012 6602.902108838967 6612.08284912581 6635.629343277216 6655.3211370883855
6662.180473476117 6667.569199394489 6670.550856022168 6673.169792413487 6677.394304497022 6679.478566621951 6682.816398680374 6691.6133083103305 6696.527456513245 6704.250121552059 6711.864412689754 6743.719409640977 6746.743908765477 6765.965899242007 6783.782345594776 6791.881863932613 6821.042393088791 6846.339071130781 6848.113836187232 6852.6379155949335
6862.865095110458 6883.177790539936 6895.401742628918 6898.777303243701 6900.5843122016295 6906.350237159339 6911.479108834588 6918.769048346457 6921.483137771779 6921.922894421685 6926.558233808036 6933.033749123102 6934.316648261782 6935.710578297071 6936.618089575271 6944.578847720429 6952.543540940711 6953.24836481527 6980.028336780841 6987.578742658193
6996.213265685116 6998.491519870865 7013.054255100533 7015.167648775517 7045.363114844141 7051.009444503742 7093.955091230263 7095.400144388374 7104.62502355627 7116.350867340312 7116.920705292799 7127.214196852765 7151.160832523463 7154.33452119876 7163.085227553321 7165.742643523184 7183.9480665404435 7186.842306550494 7196.08763088536 7213.06498944385
7222.789084128301 7223.941914349085 7237.178380176955 7242.752666736272 7242.903701273866 7243.791931819732 7248.346962130399 7253.453291224748 7271.732105805056 7306.561453658781 7308.030925160827 7313.7362228507645 7317.022241083603 7323.278400275313 7329.150067623919 7331.5800286842095 7350.595271422902 7351.8279998984935 7353.177290895619 7363.969125758751
7380.920776963208 7382.284075520402 7391.421044808779 7393.729882105231 7394.792402902377 7395.812726018224 7403.175275534904 7405.189657264296 7407.290976402866 7409.047815698839 7414.2065820321 7424.5785859727175 7426.843985803451 7440.115417130526 7472.651986895591 7484.657521084936 7489.882385365906 7495.280888549369 7502.564015897604 7511.008313717362
7515.227715564682 7518.571946521819 7525.558499639236 7538.975286371461 7549.462507900665 7557.5445812549915 7560.657801174121 7572.118064587224 7575.120304556349 7577.253700987492 7584.115902488122 7584.391957100459 7586.982270586266 7599.096584121119 7610.3377222603895 7612.093871367609 7622.690154061377 7626.222221723009 7630.24482585344 7638.016783785967
7652.100081442157 7660.434555148931 7661.233845522835 7663.922950218641 7683.804467108612 7691.20664422403 7697.199777644702 7713.824121789307 7716.951243388006 7718.264685915249 7727.8088468702035 7754.653889714542 7764.59748632039 7764.718840456168 7785.7424897079345 7798.723837445695 7816.196891686053 7821.961856968158 7822.211977767507 7832.980860426652
7835.379225546938 7844.800965755733 7851.287505417391 7853.454905878077 7855.1330808982475 7870.91967673306 7889.91189247147 7893.706413925017 7899.237638632336 7901.682599888683 7911.10177467561 7920.313426753085 7922.083993543873 7924.772677059123 7926.591554109275 7927.613751697191 7929.98460294023 7931.207464922029 7941.998889787344 7953.5367081575805
7952.008281731112 7956.784432343291 7969.320443770118 7973.373037960724 8005.312201132676 8010.169839116782 8011.967733042222 8021.0155787556205 8021.075020858687 8033.110908439948 8046.842783572247 8053.557397083377 8057.582390803416 8058.442276339857 8062.822688034289 8067.0160579161 8068.691725690555 8069.790481697991 8076.640160720606 8082.561459457256
8096.7500758194 8114.659335489531 8121.673311844788 8128.480106015269 8129.0192562336815 8143.502219152458 8156.544558382476 8182.267153548382 8183.110464075544 8186.73258790808 8207.90736985353 8217.669237239534 8235.867598913135 8246.81532748546 8250.677591618334 8269.51327421636 8272.271022908604 8288.083913870183 8295.22008642604 8299.402920930394
8330.368987430329 8335.17949060784 8336.686703263318 8344.497450320547 8373.438131393093 8392.292406283315 8399.204580153746 8411.968706245418 8412.039968159044 8415.031030480377 8429.010611492207 8434.891750942643 8459.905795714782 8461.194255362258 8470.859340981167 8477.89695734511 8484.899936434906 8499.666381747627 8520.302133763686 8536.65903171301
8542.2290712709 8563.172836639105 8568.017212675719 8568.471649604433 8568.852613980687 8584.691178753927 8596.81468141865 8598.471649719171 8615.146186707396 8618.252638304428 8635.185768330635 8677.097825264367 8690.976252457285 8691.187769862954 8694.635822855058 8706.98988739434 8718.784256911396 8723.742095289685 8729.336742285555 8760.745276035783
8761.728757127874 8764.691984916755 8778.59777497054 8784.610510940845 8786.913727794365 8801.207106301938 8808.8893115083 8816.818043638325 8826.085914324965 8859.346509630615 8859.554372304112 8872.433192509265 8872.46769051412 8877.100871739092 8881.807952692147 8887.418016999936 8891.899677881358 8899.188837302678 8902.015284820436 8902.592709366038
8904.024785414047 8905.169124810061 8912.533552070885 8929.471584518402 8935.649370635403 8949.190324467894 8955.796311123966 8967.709698719416 8969.580568613772 8977.362132496746 8978.172434787324 8984.268762945876 8985.662783228147 8986.895604968788 8991.307591204864 9001.392638892099 9002.358453706836 9009.571794743579 9019.685503255538 9026.14636957832
9043.509600280826 9047.385643168487 9048.249888777133 9051.243804601123 9058.02528020363 9090.620371424124 9109.933110647728 9111.778419863327 9121.192014093554 9123.552810079927 9125.500340920315 9131.500120369867 9132.158982026314 9198.858212401643 9221.922519891703 9234.655452100711 9258.315339066361 9266.207531516757 9300.19678898183 9307.27051629989
9311.47469122372 9320.006650453886 9324.601971718259 9328.414900474845 9345.017198571186 9358.234935053386 9374.508966761485 9381.205977728614 9383.093250791677 9384.348929733025 9394.057649899894 9419.452296768568 9420.474068226213 9432.019751631313 9439.096580521995 9445.82675766507 9447.143752952954 9448.816026464798 9457.176752116395 9476.286609804129
9476.90745742795 9484.995907661134 9489.337126817312 9518.554858153824 9520.373046452169 9529.08273282032 9531.76973114625 9535.025705420121 9541.189026450586 9562.044247618587 9562.571094242001 9572.921075602017 9573.40172195413 9583.743816848093 9594.05601911667 9594.446465228097 9597.674668945425 9597.802034698154 9599.24000888387 9607.735027068218
9611.08382331781 9646.643470716697 9653.444945091313 9653.509746137534 9659.05137014369 9659.151048697297 9661.064751922027 9670.225472141341 9676.271067777712 9681.733926860563 9688.463256807596 9688.549284265055 9691.8075117889 9693.642316533516 9697.12556336672 9709.780870664179 9716.794894342713 9729.731248451224 9729.791310553348 9740.572405914285
9742.03974330426 9755.385493675643 9762.83739812507 9763.409109544582 9782.011974872132 9785.122629838303 9786.680562381143 9802.98286146725 9809.538826431119 9815.256539058928 9820.207553228176 9822.514755500804 9826.600098582405 9829.387785568195 9830.987485409918 9832.61854551254 9834.509293214518 9854.204624687873 9863.733502539751 9883.896596206865
9885.983433297915 9889.030817567145 9889.329142823097 9928.241156293703 9934.41201770637 9937.547185966063 9948.36087007884 9949.151614656184 9949.53332217128 9966.029193167566 9969.142079160909 9972.321022565278 9974.14917915704 9977.283966041743 9979.208067715437 9981.916764147665 9991.408407506276 9994.255238769176 9999.036870854965 9999.884483662723
