16.319080049437275 56.80104530415786 59.743712523833146 75.03165876390882 91.30867653864505 93.15735461204233 106.17687205175753 146.78567184907342 156.9590254210418 220.00170974668555 242.3654178404333 255.01818036351654 276.95749429724634 318.9500568447434 325.97964537192325 341.58769142412336 346.3315306991821 350.2795579583251 357.1013569637016 359.1131262213432
359.76257890000363 360.4853396266161 386.7844194242298 402.0842950177794 434.1284987108485 435.81228417770234 462.85248201927584 487.60046391604584 488.4779921065696 491.4201873820856 492.51873215868767 501.43143107994723 525.3417634117042 526.130183836313 526.5552590204625 529.2918698137672 557.134796904386 560.290054580187 567.9830332546054 644.556704590693
645.9795449673555 681.5649550115588 713.3713407939779 718.2904521101285 749.0151021431324 756.4758335141375 758.9967576495094 774.0401849577372 776.567269636571 780.536043542569 821.9033620140515 837.5873551367397 849.9027956251681 850.658769828766 878.4284475472203 907.2932871940209 949.3152343267398 960.509315482988 968.9189845198631 983.831529961402
989.3674530209917 992.5700276798688 995.0624655616813 1010.2259158481952 1022.2331018295006 1048.0338681786138 1050.8588869785085 1063.8523432543768 1121.727877125569 1126.5828781603736 1155.3426103002462 1167.1395413407358 1167.3992717610915 1184.7380679344221 1196.2349147434204 1197.5875276873016 1212.681390460829 1218.2754883348468 1220.364221673751 1233.242366591466
1245.4032320339793 1252.7000252059606 1253.4875608585617 1260.407907016171 1323.2849793638036 1342.8225660453886 1368.8902538907532 1372.9484335185994 1379.6797250075088 1386.3926560772088 1390.122677220671 1405.6286519552364 1409.393096472169 1414.454336904043 1417.4487494275213 1421.4896514456786 1422.535032821457 1423.4401125262375 1423.9172988583248 1427.2006077933663
1430.8464182301238 1454.1485313110281 1459.4905822749204 1472.1746351132947 1474.363211229006 1552.9365678207907 1555.5775277347882 1561.4136609805685 1562.8003731250117 1587.3430081076135 1609.1758277138358 1618.897018841855 1630.2453914107418 1635.5045772524368 1649.1993430063246 1674.3384673178384 1733.6516365837274 1744.3801713074436 1748.4364609994718 1762.035168128606
1774.2271700470858 1775.3424614401792 1787.781801141395 1801.8884955993585 1819.6094832432896 1825.6939256492476 1827.8257841344946 1836.2262155502428 1836.4732617910306 1843.4910765537084 1859.0379172782111 1868.5388289745042 1870.3054812744836 1872.743094048932 1877.7297875457389 1879.490879476745 1885.7808670449883 1906.9675321292211 1939.8097629280087 1954.173011756888
1972.2357415705428 1973.7410155524838 1992.0125996092352 2017.220186005153 2017.873142916231 2060.559829683134 2078.2364333076052 2097.864488221086 2128.1464215411715 2140.1510544361736 2149.14830880093 2206.05172559153 2210.5272350452 2228.006788354188 2234.7265590946986 2238.9454306105395 2248.4785926777395 2310.474511594215 2323.16828984881 2358.1082042393264
2362.477277469237 2371.7102168155325 2373.3168087447575 2386.61498899312 2407.7354191077625 2410.521844962219 2478.8490171768653 2480.9679599339875 2481.435092702029 2484.282224127526 2499.0365479647103 2500.431967206013 2521.660722170964 2540.409417340507 2558.041604813438 2583.5463360119193 2589.117786497822 2591.767928033799 2621.3788221686564 2659.8542650255154
2676.8273624698368 2683.186701160347 2701.965084793311 2722.51480047634 2728.945682212941 2759.300841405777 2763.3386957224025 2766.809075009513 2805.5479065906784 2833.5473944621203 2846.0115468704294 2847.564262928467 2850.209173847702 2853.972296764539 2889.611664187982 2898.880272904443 2899.364368823858 2901.346054133974 2905.806540721346 2934.227422913087
2950.9987899493485 2953.3677736216714 2991.7322780254262 3015.856680864535 3018.2264426623806 3055.8008082961364 3059.95155462625 3109.067664248817 3119.604100882016 3127.316740327544 3148.998098059185 3178.1950577831453 3179.0256710262297 3214.8561403884146 3224.0573233044256 3227.8936527680803 3234.435358526185 3234.9122743853486 3252.319468700616 3252.697545648395
3284.246510826371 3300.9884203038787 3315.7891367854354 3327.5305432352097 3347.4693263971744 3349.4500097833125 3399.8689436143127 3412.456864231612 3417.2999860483433 3418.6531332900004 3422.8511103149904 3443.6669552055178 3455.902573756252 3460.5528883117477 3473.6270731063655 3487.097262047648 3487.8040514207178 3502.3474413699164 3524.5021559505717 3524.6682035626995
3589.9598113916477 3624.573415910117 3628.9287054420793 3636.1929075163102 3650.4146958701067 3660.965605410279 3674.332581312081 3677.253070466905 3699.4377164195503 3740.8207601887775 3742.3152051310003 3804.4512300398724 3804.559497658191 3820.565176697329 3856.5941964355598 3864.286622338208 3879.530518128429 3884.8141421142977 3885.745891277508 3887.8098909347846
3903.1032373191542 3935.7429482249327 3946.6950001107457 3958.823044978731 3961.4135623278626 3963.5416424033897 4016.929375742343 4063.6314207381583 4067.1993093117176 4089.394011114067 4108.873776650548 4128.909309727883 4150.144275020015 4174.830019861696 4191.728785363238 4196.977501123171 4249.7185124878015 4254.0962700430855 4264.400598004071 4278.978616779884
4288.052592618391 4289.772312476495 4297.095946204073 4298.160016304736 4331.582732402062 4350.515628148469 4360.741779422819 4368.163300511123 4370.787962912266 4388.81555838213 4411.413639669859 4447.353000249929 4485.000355542209 4495.154607898047 4511.352655436942 4513.857484612295 4519.207525482614 4534.379393960978 4544.220697105213 4548.709654258927
4550.804418335743 4599.188832002989 4639.563108009182 4653.844068097517 4659.374015214187 4734.066675034758 4776.213448123873 4831.476518867293 4864.649408615497 4869.445406756172 4936.9433711188285 4945.048354906453 4951.500302738854 4986.675592806131 5009.3071918007045 5017.431470331383 5056.172958732153 5081.062574405089 5124.869079472626 5158.751467287079
5161.838801586169 5165.63752636543 5202.7743649980075 5210.623547266941 5225.99434166383 5229.69559864306 5236.214616374566 5275.899358001537 5290.8185879660305 5294.190446516161 5301.086626019694 5302.014747167249 5305.374056037685 5339.697010213953 5343.255137797097 5349.110064096019 5369.469996666087 5372.559569556691 5387.229376620326 5405.542837847841
5453.571339698961 5463.22026666035 5482.486101506697 5497.123652429306 5499.447879089989 5522.986882462565 5535.1029623762415 5560.95384449095 5563.871533193534 5568.242718763605 5613.286252805483 5625.239708096964 5636.389049782131 5686.5712757936235 5701.310410633081 5714.955416129453 5748.10853622448 5752.348095018035 5758.747864933661 5776.08730125787
5778.712969628829 5785.75267699819 5789.1915478656965 5789.287384842745 5791.930264033804 5792.044035978179 5796.5029153940595 5830.872847182201 5849.820750205286 5857.263041481022 5860.9626873102525 5959.147923134073 5961.883951298929 5967.879374229472 5986.86558014857 5988.107937946061 6002.17089413057 6030.665786572772 6043.567929531894 6050.685093493601
6061.959211308719 6074.624041033571 6079.804373989501 6089.720084628406 6099.021255832297 6101.599744207823 6102.115196213028 6120.930693416624 6129.326045731211 6143.832154473008 6148.097462471508 6170.634896974948 6186.103965137203 6211.027271030992 6228.2284569565845 6265.910746707766 6312.269157561749 6340.460815435043 6343.114589274347 6357.479381590619
6373.062023786312 6387.138256154628 6403.261632034451 6408.868183507763 6426.76536043063 6438.638667237632 6443.24449359217 6447.623565594438 6449.330089023138 6490.7685643459245 6525.498694310719 6535.316930283429 6586.690707774971 6599.308176706012 6602.902108838967 6655.3211370883855 6662.180473476117 6667.569199394489 6682.816398680374 6691.6133083103305
6704.250121552059 6711.864412689754 6765.965899242007 6783.782345594776 6821.042393088791 6846.339071130781 6852.6379155949335 6862.865095110458 6895.401742628918 6900.5843122016295 6918.769048346457 6921.483137771779 6921.922894421685 6935.710578297071 6936.618089575271 6953.24836481527 6987.578742658193 7013.054255100533 7095.400144388374 7104.62502355627
7154.33452119876 7163.085227553321 7183.9480665404435 7213.06498944385 7222.789084128301 7243.791931819732 7248.346962130399 7253.453291224748 7306.561453658781 7351.8279998984935 7363.969125758751 7380.920776963208 7391.421044808779 7403.175275534904 7414.2065820321 7424.5785859727175 7472.651986895591 7484.657521084936 7489.882385365906 7502.564015897604
7511.008313717362 7515.227715564682 7518.571946521819 7538.975286371461 7549.462507900665 7557.5445812549915 7572.118064587224 7577.253700987492 7584.115902488122 7584.391957100459 7586.982270586266 7599.096584121119 7622.690154061377 7626.222221723009 7630.24482585344 7638.016783785967 7652.100081442157 7661.233845522835 7663.922950218641 7697.199777644702
7713.824121789307 7716.951243388006 7718.264685915249 7754.653889714542 7816.196891686053 7821.961856968158 7822.211977767507 7835.379225546938 7844.800965755733 7853.454905878077 7855.1330808982475 7870.91967673306 7889.91189247147 7899.237638632336 7901.682599888683 7920.313426753085 7926.591554109275 7929.98460294023 7931.207464922029 7953.5367081575805
7969.320443770118 7973.373037960724 8010.169839116782 8033.110908439948 8046.842783572247 8053.557397083377 8057.582390803416 8068.691725690555 8069.790481697991 8076.640160720606 8082.561459457256 8121.673311844788 8128.480106015269 8129.0192562336815 8143.502219152458 8183.110464075544 8207.90736985353 8217.669237239534 8235.867598913135 8269.51327421636
8288.083913870183 8295.22008642604 8336.686703263318 8373.438131393093 8415.031030480377 8429.010611492207 8477.89695734511 8484.899936434906 8499.666381747627 8520.302133763686 8536.65903171301 8568.017212675719 8568.852613980687 8584.691178753927 8596.81468141865 8694.635822855058 8706.98988739434 8718.784256911396 8760.745276035783 8761.728757127874
8778.59777497054 8786.913727794365 8801.207106301938 8808.8893115083 8816.818043638325 8826.085914324965 8859.346509630615 8872.433192509265 8887.418016999936 8891.899677881358 8899.188837302678 8902.592709366038 8905.169124810061 8955.796311123966 8969.580568613772 8978.172434787324 9001.392638892099 9009.571794743579 9047.385643168487 9048.249888777133
9051.243804601123 9111.778419863327 9125.500340920315 9132.158982026314 9221.922519891703 9234.655452100711 9300.19678898183 9311.47469122372 9320.006650453886 9324.601971718259 9328.414900474845 9358.234935053386 9381.205977728614 9383.093250791677 9394.057649899894 9420.474068226213 9439.096580521995 9445.82675766507 9448.816026464798 9457.176752116395
9476.286609804129 9531.76973114625 9562.044247618587 9572.921075602017 9573.40172195413 9594.05601911667 9599.24000888387 9611.08382331781 9646.643470716697 9659.151048697297 9681.733926860563 9688.463256807596 9688.549284265055 9693.642316533516 9697.12556336672 9709.780870664179 9716.794894342713 9729.791310553348 9740.572405914285 9742.03974330426
9755.385493675643 9762.83739812507 9782.011974872132 9786.680562381143 9815.256539058928 9820.207553228176 9822.514755500804 9826.600098582405 9830.987485409918 9832.61854551254 9854.204624687873 9883.896596206865 9889.030817567145 9928.241156293703 9934.41201770637 9937.547185966063 9949.151614656184 9979.208067715437 9994.255238769176 9999.036870854965
