4.560719441846217 11.150077134608471 17.549048561208423 18.11594796012117 24.53104753059265 25.155725643970506 25.70369558723362 26.247316339863545 32.95221408993632 39.243497156178364 48.55680121540917 49.23485454174647 52.968814906183546 55.98353671546818 57.912746188764075 60.70467431542603 64.04815055545909 65.69939523953683 67.23259482279143 70.23046030024017
73.29342277623164 87.02681832219005 87.36195040381922 87.77615248360293 89.39974766807413 106.68850008077379 110.17321304199967 111.9889214770764 114.7118623618737 119.10451753534113 128.4344147280836 131.03663194082404 136.0882755996906 141.3086170323663 147.55305771882553 149.04729473173893 150.92835371852797 156.62351436283473 172.8871636916096 176.47212763909903
182.71955785542414 184.2037007432795 187.13144217997413 192.15030402876087 192.82813927778975 200.89451142429436 203.62813437764248 204.64463641010178 216.62499639792497 217.15050448502305 223.16805529990157 225.02639464826223 226.36226179645337 227.11416211195322 232.01182955467803 232.07022004348653 234.46394604763165 240.23200755852736 241.829576094168 243.83382692976463
247.53907011753506 247.9340918975237 257.1950546754442 257.43069860068914 265.5015890886936 268.1985781876428 275.36939487035283 277.56435985607953 280.5053851063033 286.81552905525876 287.3957004758354 292.5163971871092 293.8264241683186 300.3886956208701 306.35292865219486 308.49116965894655 311.0030007849329 323.8078360159835 326.26355156223474 327.68361347131014
328.21772750867837 333.76564452655464 339.1491216896958 341.9541627030753 344.6120151660781 346.24176266138227 349.8347892715481 350.2108157687511 352.05609017636476 359.283666240956 362.9673457695959 368.14195157223395 369.63587609917136 374.3117779872951 382.668008053626 387.20050775582826 390.28235853279415 392.3137939175658 393.6718421079477 418.4652730579541
421.7498007659981 432.3862321026917 436.89389779241304 446.9139698542501 457.32035866617224 462.8844679151567 464.7002252853172 469.04273227508673 471.93313687110106 473.08151388620433 477.3764816622761 488.8347599626519 491.30133092952445 491.31637444302487 492.2337972735391 494.20516438690277 494.95259688892236 499.3257779442528 499.44882847401726 505.991079637067
507.44338452115124 511.28941992075625 513.6544018934663 519.1499038287906 519.8501474392814 522.2740469520614 529.6634392422284 531.3159823230518 534.7270808949867 538.466832850677 545.5788092657455 552.4617457514203 553.6838666853716 555.35608590085 566.5928847708846 568.7154683912398 571.5096627123928 575.1297833526314 584.1883661050983 587.4388919995143
592.9747693114263 601.7042677362805 601.9319380429322 603.2491498631198 607.1960545489441 613.1527550157679 615.1260885708621 622.7069550516628 632.0114584525616 635.967560781796 641.3973219429581 641.4053311343038 642.8501316959456 644.1823244632538 644.198971988964 648.5294058385005 652.5949756683092 658.8633725320692 660.5653830773128 664.8309012309694
667.3952519239623 674.567008240683 675.2054388046369 690.4255702929929 696.1752124627851 700.7028314107744 707.287538471888 712.9767615697547 714.2515983549791 723.2976677355351 731.766479575372 732.9271360543255 737.2045325202458 737.6600007872503 739.2261793873689 741.7190769501947 746.4549145898769 759.7516224291489 761.2773218224067 764.9317536075062
765.3533189470263 765.628616347619 771.2191232666465 772.5959349564126 778.4379125516772 779.3821219421948 781.4280247895067 789.6360651854218 800.8220485545158 823.139151624257 823.6802940757736 824.8643887769568 826.1891856794313 830.5898671053491 833.0002586743135 841.5751821236595 852.7621792130924 854.0433864876873 872.1335265558927 874.4051258998376
878.5291095588454 878.9601815633097 884.7193224362637 889.8604777491659 890.1284026557099 890.5389466610536 894.7232869572508 899.7825955361071 901.9790185568843 903.0210145654039 908.4395389282429 910.7610592071935 915.4871065703385 919.2201979889236 924.6590176991576 932.4832751620926 942.8649532139166 943.606489394272 943.8020305244288 945.7422395454118
949.7332716122042 958.0518813621964 958.3926206205617 962.8546672838389 963.6104638698173 966.5263047501427 983.3806814913282 987.6172547729667 988.2364089043372 1004.4483410611049 1004.7973614236272 1009.5605681202524 1009.9500111394566 1017.3114782828285 1030.3273859466856 1032.9590830463853 1034.875867660412 1051.7866642978713 1051.8770826705893 1053.1445257560445
1053.7037611948563 1055.9199035875276 1061.823459125697 1065.376206176919 1067.563168262925 1069.5173057575025 1076.986653795683 1078.6103445845986 1080.9619061931141 1086.2262530364485 1089.1914665474035 1094.7185572682095 1095.4697112077915 1097.9211769833507 1101.120100604771 1103.2462189626501 1110.7365412500503 1114.642827658524 1115.5269655888844 1116.4171572569148
1116.4757167502482 1119.8399784283397 1123.333510224539 1133.7955575680203 1134.1810451638835 1134.379206711963 1136.4884111932272 1140.994365658884 1145.7544175484147 1152.1574742673856 1157.0196168350433 1157.4247366376123 1173.8793925387192 1174.3263027496432 1177.8031845406222 1185.7177603296698 1186.3254259759337 1186.6992197014115 1197.4978926844992 1199.7620941197474
1206.6695496075308 1208.077615485592 1213.1884212371835 1217.6684807729378 1221.4709698823833 1247.1375460676948 1248.8131065573616 1263.2770556596406 1263.4170483520745 1271.6079141339353 1276.4268390446555 1291.7041417642383 1298.7905897167918 1299.3272799061263 1300.312659054158 1303.8204470059966 1304.9015724681424 1304.958452662316 1307.37821114839 1311.074771211138
1315.0637850759883 1324.2912732860968 1335.959846727962 1345.8172940712398 1348.1061822977126 1348.4008933187054 1350.570917491417 1350.6553101896357 1353.0256155277732 1364.3385422060273 1366.1682295772237 1373.5063983732487 1375.3611313795643 1378.7158423782907 1379.747732479708 1385.9190999584425 1389.1620123621008 1394.1905459169434 1399.0146926108393 1413.800880051561
1423.3965048327811 1424.388004422492 1428.5147840524448 1434.3165605357767 1436.3001844564083 1437.4305403459164 1442.193575820182 1443.777679445708 1451.4277639629304 1461.3508217089388 1462.3149160899495 1463.5733383073757 1463.6176329488248 1467.3485205369475 1468.95094768128 1473.3085727306616 1482.1397186101947 1483.626229002919 1511.643017201547 1519.1063400074645
1519.6301859931073 1525.68811612503 1526.607186678821 1538.6869677505167 1543.476565855505 1545.127707030528 1559.0366543949342 1560.4883925999213 1563.0763185088804 1564.9837941511314 1565.2116554213646 1574.9343234511803 1575.0876800488845 1579.3644962314102 1581.620894827468 1584.9893231554247 1587.5772047826674 1619.1684860589771 1629.6649636191974 1642.320768417841
1646.31206354379 1651.558997648981 1653.1365988116354 1662.9933407952678 1664.695560825159 1679.8419361829754 1686.6502110972924 1686.6679403879114 1689.7488854151777 1694.244775033621 1695.1162252665563 1696.9889419730798 1698.008592515673 1701.8860241101963 1706.1825410518384 1706.5993597193751 1710.0323204544654 1711.1493138102153 1713.6649075394528 1715.2899698774404
1719.8319403416108 1727.740764625333 1729.6121539298947 1734.8137849653301 1741.3102532478508 1746.5022754589831 1749.8876010372578 1753.54183651802 1754.0765264352253 1755.789556442342 1759.766154634591 1763.5974686712707 1768.5125086295516 1777.7756117651022 1786.321847700022 1788.3432710557367 1797.7066600940173 1805.8422053880774 1806.4425133462935 1816.327574502935
1819.0562944355936 1827.7906318036419 1828.5565657343516 1829.757694646511 1832.5885835812062 1834.2918627369286 1839.1831441789132 1839.662086766718 1840.6236545214495 1841.117490004367 1859.164017144388 1859.3303574176457 1867.8724956657666 1878.475390017018 1881.239271189954 1883.95288171054 1890.9055913224215 1893.8120607895503 1896.7537501560305 1898.6250808920713
1902.32925760359 1902.496695903063 1902.669695279441 1903.7823535092202 1908.1089805518259 1909.1131415410778 1918.048758665676 1923.6597219503449 1929.6112255289954 1934.0607405572118 1934.1143586844566 1937.8333055688336 1938.014885027849 1944.377920325463 1946.21160344028 1947.1632367127222 1947.2780589232175 1955.1896320382268 1957.32313156061 1963.060038189598
1977.242110488393 1983.192721662357 1985.9489837789968 1994.1704204443965 2005.4027873800906 2006.28064738245 2010.987181365652 2014.5984479305569 2018.0321565981574 2020.6298252400202 2021.4467396400937 2022.3013293922686 2023.6501814355245 2025.6528489028324 2027.944812652861 2029.888682651989 2031.0219233620285 2034.057533002378 2034.3888143381516 2040.2997534805922
2045.4464244968628 2046.886036503428 2047.4914644482467 2049.277275625474 2050.5574410347194 2052.647671017478 2058.5141747685752 2072.223985307751 2075.5544483892995 2077.863763502559 2080.9262020810315 2081.5921299452875 2082.243625053004 2089.488823547414 2092.0633797376754 2092.388974989562 2093.8418386548597 2104.304422835952 2107.321254193476 2107.729676956185
2108.8182626476437 2111.744992413126 2124.0579851319385 2134.674023405315 2136.1459563449403 2136.571002369921 2137.370171263735 2137.4721557064345 2139.669319120503 2140.984571737866 2142.529159538923 2144.351518205068 2147.145222934278 2147.155653128613 2149.537675489863 2150.7098729727504 2161.163815512199 2162.5139697328354 2162.746682623635 2164.526212632232
2178.4671930948975 2181.2764601306435 2184.460707811723 2185.8353616866966 2187.2280221251526 2197.443667050023 2202.8822092513 2204.342953725059 2207.1831942864783 2209.4846674204005 2210.316721914031 2213.15484436567 2218.4855200816824 2218.8426700670016 2220.1077441039265 2220.4254599441397 2221.918716930571 2227.009245736228 2231.3628209362246 2237.650891234887
2239.8054794630216 2239.9011661984623 2242.4728576218454 2246.4252799948827 2248.036803498945 2251.8258639355204 2253.9734269344603 2256.6884072290495 2256.811356683146 2257.5837839599744 2266.927682314772 2267.6018015870336 2267.828121247665 2277.7653816813636 2281.3802168817297 2291.7261268258094 2299.3943008580786 2305.3218516402885 2308.0377293491474 2322.409861050938
2327.43093822779 2330.1978893315754 2331.081690791628 2333.0889101618677 2352.2384997968584 2361.2347954729553 2365.4294534475075 2371.342030200694 2376.3051392460457 2376.650699991357 2380.512827450465 2381.043110818646 2392.773442362012 2397.5815148098377 2402.5252738488603 2402.5518647724166 2405.8393678159327 2410.76949485282 2413.3198790455544 2416.9168747016447
2418.3680058341083 2419.711970913575 2421.1496054287018 2421.5003426289395 2425.2324864487928 2427.7356331358933 2430.954022043139 2431.0077183388403 2432.0570839775014 2437.1192383029907 2442.550817611032 2444.490358698628 2445.4354366499374 2446.6305168302492 2447.263526769005 2453.2085231960987 2461.738909777881 2461.8642138243076 2468.4267596257146 2473.1340234351574
2473.7921148885935 2475.0090508613907 2482.255710358451 2482.287770443122 2483.8905373609787 2484.5691557589366 2484.601439243824 2491.880803394402 2492.1498684945154 2496.806452466219 2498.9390272293867 2500.4073805621088 2506.521214391619 2508.9058647708152 2509.6467022041415 2520.7689935921176 2530.7635489430045 2530.8183592136456 2532.8237705031297 2541.62947455433
2542.302098065361 2542.3541517786143 2542.4130936111733 2543.117618429457 2543.1707852112318 2548.079694917994 2549.76975078001 2556.4847467690543 2572.7822674731806 2580.5367172202477 2591.2438645426173 2593.434771190467 2595.338714790372 2599.195297297012 2605.020775658985 2614.1306882757785 2625.615639257175 2629.3132804479137 2632.158316011839 2633.5584432763712
2636.7454538038605 2637.0111560395126 2639.1286346178754 2640.920070980396 2644.3108248043222 2647.2478445675974 2648.2102016262843 2650.5288399078186 2651.7529286935405 2658.061068009834 2668.6362505490315 2673.7912266822927 2677.17640765046 2690.6958424938653 2695.846372271317 2697.6830398910747 2701.618968782724 2702.421147150249 2704.1616507508857 2716.6293109459825
2719.6665871419077 2722.6752322044954 2729.940131871563 2734.4777759129756 2737.5911487718895 2740.06707116083 2744.1492314364777 2750.059640345608 2760.3280547691024 2763.45208069817 2764.6001916034425 2768.29753783978 2770.695161945486 2770.7231295363845 2773.8757496944754 2778.8204002679195 2789.7880784690055 2791.753211109459 2795.9445107789625 2796.309985419969
2802.318934009215 2809.959279599155 2835.978057681817 2837.0671017678073 2837.7567709485097 2840.9711911835357 2859.9897455937653 2860.14817654611 2860.520229135516 2868.5577802130238 2875.247541188364 2876.636046222848 2889.0493542993167 2895.633379844146 2897.8898255117147 2904.780538621371 2915.4775848581626 2923.5995285310514 2924.769339994099 2925.0443363014833
2927.626844625776 2929.985933771475 2933.8962037159868 2934.612851834967 2941.3395271225786 2946.382417784832 2947.5775992486742 2956.0794295754445 2956.6967855134085 2966.660128551484 2970.499232720016 2977.088280414534 2986.6356363293858 2987.132356191227 2988.673045400052 2995.148080255827 2997.4512864638027 3000.4383553039283 3001.5715387024975 3009.6258750190664
3012.2543054004823 3015.651927731514 3021.342878210961 3024.888437409504 3030.0880576800027 3031.477321286445 3034.3290503410426 3034.5101655207473 3037.757748651654 3038.401485030928 3039.172260484618 3044.29193017839 3047.7132479793 3066.4228379369306 3068.6463603471493 3071.790598866899 3075.26887789313 3080.908001191954 3081.082548579518 3083.080269821633
3088.236392001856 3094.4295950967203 3096.5371369716554 3099.0949826306137 3107.548160454576 3108.1350075745495 3108.3608115981087 3111.4339896345878 3114.4917770062975 3122.9557854056843 3127.0106292865785 3129.9731705286104 3135.37934262046 3138.429497235404 3141.1472219169946 3148.886275535534 3155.4313189301397 3159.1094594449855 3160.046741640079 3164.637117513275
3164.8289111732274 3167.2082348811814 3168.9538011437344 3170.970683895805 3175.813116625873 3176.048307434205 3179.6266262553795 3183.1854577288323 3183.4480043566614 3184.6217006981815 3188.4247898431627 3194.5202674885963 3195.5087463037726 3195.700977796934 3196.0230748748518 3197.3282179355 3197.9067965718764 3202.4212223635195 3203.215032068264 3206.990620419983
3209.8334808639584 3234.4287797486504 3247.854047560952 3247.955588034027 3250.92589574847 3251.7430766385737 3253.6451272400845 3255.617374015599 3257.707548293265 3258.1644672850584 3258.3691914330116 3258.719172491468 3261.00084684105 3266.1786063935615 3278.2110442379176 3280.608965363273 3286.659017339282 3289.3962123831357 3296.5261054882944 3301.2510626776325
3301.976450072838 3304.2101480714846 3307.03396076092 3308.2103811505235 3311.0697266437096 3315.375394790181 3315.7094021121025 3317.74522205458 3318.28972750951 3321.91987634901 3325.229439070152 3327.2840200273567 3335.0282159262433 3340.7898486954546 3347.1747992152054 3348.364557596082 3353.6414976119654 3356.415718801221 3357.428703456612 3360.7426425536637
3367.5442326854377 3371.037902029409 3372.8689503969435 3373.6626044881677 3375.6924671747847 3377.8795200072154 3379.7580043493704 3383.5785468832282 3389.8619428382003 3391.0604068535054 3401.5185520645095 3403.5599143927307 3406.5261523544277 3407.431270746147 3409.0084366306573 3419.296491582673 3419.5129739055665 3424.184787100526 3427.1319639059507 3436.3544159508288
3438.3019984054686 3441.652816837828 3452.573352263358 3460.8935708520016 3467.133716646832 3467.7833007515856 3468.4805812504073 3477.435944194257 3484.8016979735407 3485.8711857447356 3487.39594101274 3494.4124114037436 3502.272243962705 3512.9082903198573 3512.9347171391178 3514.2238762487377 3517.490116984077 3526.8656478405314 3529.7060369344003 3531.6674960408777
3532.4898587154794 3535.3463969785535 3540.3627700452134 3541.542064529749 3542.6052350977698 3543.29314881925 3544.611746457902 3548.607045125579 3549.509740330996 3552.235823401302 3554.413715420868 3554.4290708944113 3554.527764234512 3558.450618626504 3559.8173697473303 3563.938550166601 3565.2074606818874 3569.1741541987553 3571.368048592647 3573.8776626256395
3576.5673828307363 3577.7669843170133 3585.8485265761774 3587.126451462834 3588.289029280315 3588.411424804667 3588.954952466027 3589.1913347699956 3592.1753936135747 3607.425506752242 3607.7977244423078 3615.4374725828743 3618.6951679999447 3619.075895021622 3622.4823859539333 3625.1097282752266 3631.101639415163 3631.764617490698 3633.5410495546816 3636.1105423319473
3637.190218613816 3640.0206519885323 3640.963422411486 3641.4415779056685 3649.6003843792832 3652.585699461166 3657.7704371174314 3666.3443671991213 3673.4985498766814 3680.4933851928668 3681.045379651088 3681.4627542306735 3688.007279300699 3693.4279093471823 3698.5218009386867 3707.3221737948725 3722.1298989459374 3725.6817859513703 3726.588179643656 3731.446028045031
3732.8628265020293 3737.2500613820757 3740.6891626942083 3740.763627757353 3743.2649622958293 3744.3165740239247 3746.4918146634363 3747.653160335369 3750.3537302627265 3752.1955816257214 3753.4625048105063 3768.644211391773 3769.5959487635155 3769.619317414755 3774.81722147764 3776.222449162282 3780.696469258318 3797.0363982991607 3797.822497922023 3805.3575937477103
3812.160762469181 3818.951841399514 3821.145356733375 3821.3928148405075 3823.628234152715 3828.025064409516 3838.6301545001243 3838.7459725517692 3858.4002609218537 3860.3167900953927 3865.483801328 3871.6338621502878 3874.6631882189617 3877.252646910224 3879.8682459452316 3884.5688443418526 3884.8130743058773 3890.6741741351047 3892.5478486058105 3893.3044160191653
3894.0913746244055 3902.4120370265346 3910.9224199972723 3915.896734466775 3917.3293384663475 3924.802812446793 3928.670361263452 3931.2837824445223 3940.0168986109106 3942.972321937801 3943.2266792831206 3952.1999078053495 3952.9012255866346 3953.4393540735014 3959.0645745375195 3963.8961273930795 3966.47696956142 3971.104316449785 3978.1170910981414 3981.9620956308922
3989.854816959851 3991.244588148869 4001.1768503329226 4010.1989473690346 4021.5139116786904 4024.773793476982 4026.150074532351 4026.758746226132 4029.07901687524 4030.6820442407975 4033.845483964192 4039.7904295635813 4044.657361039179 4049.769326418503 4053.295274504032 4054.1227702504534 4058.52460720901 4060.0207226527887 4064.1172314292685 4064.7666691864615
4067.9072513055758 4070.6895600807056 4076.1295978203084 4080.1812480891954 4082.267038671369 4083.903470684085 4084.00606335253 4091.821760976211 4092.9886883039503 4102.229555018394 4113.661215206275 4114.569971478213 4118.4740903429465 4120.666669438372 4123.889240537541 4161.44300332229 4164.346463800153 4173.702558787029 4192.483881470299 4192.996129514244
4081.1226516871957 4102.2440028622805 4129.6655819439975 4171.922886137397 4186.078521710191 4187.758913750672 4190.571306313843 4195.824925099725 4196.624919049341 4199.310210826394 4200.063207724956 4202.948830174288 4203.771320734188 4208.631839163561 4208.655420641795 4208.788577688653 4216.824362398769 4216.916416971091 4217.011990670295 4228.114419464587
4229.906226301199 4230.606098768153 4231.36919971015 4236.618639990295 4236.84962487695 4238.7816676782795 4241.9172224397735 4245.198725658023 4247.5349708518 4254.941632148489 4264.703143861713 4265.71406769618 4266.713118468241 4267.736399216335 4269.985547887686 4274.827308743018 4283.336326660183 4284.159887920076 4291.849434096137 4297.762423820305
4310.601888281941 4313.247506705934 4313.621822405681 4315.5133414483225 4317.77079500302 4319.400379686761 4329.479800556748 4331.026702453608 4336.6628933210695 4341.36522158155 4342.443626187116 4344.312503530639 4351.568807209657 4364.298485993105 4367.575668438138 4380.601653470478 4381.637635691641 4386.431715117455 4392.610278474869 4397.676630894898
4401.0386132332615 4403.495109366147 4403.863332075874 4405.12190488674 4405.842435880659 4410.608515756493 4414.463473539558 4415.669949060597 4422.276165750615 4422.486152842308 4425.533387101526 4435.575073534282 4442.613112850202 4445.879758137564 4447.314015247156 4450.023128215404 4454.461254268286 4455.860455004214 4459.258531614059 4463.0002789811815
4463.190753395226 4463.8823441624045 4472.674158094828 4472.741835228082 4487.13330023164 4487.9087855332255 4497.642510428845 4500.6012790878 4506.708378665645 4510.5963014584095 4511.475757011029 4512.309166149904 4527.046315926555 4531.576866406989 4533.165691773099 4535.185343417798 4538.389809407475 4538.46983418222 4540.600678147179 4543.342758707338
4548.589087484315 4565.338751827488 4565.833442861988 4568.619020187641 4568.973795643221 4570.556285431623 4574.259131152291 4579.007508870316 4581.2772220222605 4589.489061047465 4590.094791192597 4591.742888768642 4592.414091750157 4595.264045356571 4597.884530569393 4601.707085416175 4605.919070984497 4611.748708661009 4623.13892448058 4625.085963101049
4625.572814027681 4626.688230327518 4636.657018218363 4639.681026128841 4642.319339304849 4643.79771499625 4656.14405616184 4658.295405134631 4662.496312778606 4663.178876805122 4667.521833195332 4675.434780090191 4676.4968683143 4688.491711090121 4692.972376020927 4699.288334875965 4714.110940359532 4734.333251005944 4735.2333367460005 4737.679770570481
4742.995349755346 4752.54551045538 4753.9507197742805 4754.976895937164 4771.936306432282 4774.765943706375 4779.710368984151 4780.716893484799 4781.0017362211165 4782.188765827114 4787.688139714471 4794.433565170826 4800.1515284024135 4804.229551841486 4809.491026616551 4812.080420519137 4815.7889817964115 4817.45907286088 4820.080397636154 4822.265796062473
4823.319588753869 4825.958795972918 4827.570789155494 4830.323661520341 4836.4191616246 4837.758603972111 4840.794602712922 4846.34460442587 4855.69876892448 4858.794638096316 4861.134293260887 4861.5718513001075 4867.648957382652 4870.039076298442 4870.515084048516 4875.889432395187 4877.060500721853 4877.234597362891 4877.865358530747 4878.151518992402
4879.139877521746 4880.221729792194 4884.189323302337 4892.179985747797 4897.801657034274 4906.209591712928 4909.46480721831 4916.2665511436335 4918.045417563062 4918.367489249589 4918.916261469692 4927.560890967871 4928.227512282721 4933.763283996487 4944.70112049859 4952.719994674385 4969.5538874569775 4971.517531303309 4974.225151160291 4975.225828473508
4976.5778402390515 4988.347753516868 4989.844912257645 5023.091335937951 5023.203798156443 5027.171453726668 5027.696523000008 5029.140585518771 5035.455843652011 5041.06025071327 5042.050142198088 5045.10499676568 5046.173441499977 5054.702193370652 5059.3077365065765 5061.106397239131 5063.2143540417555 5066.754041441318 5071.595429288611 5074.196162800172
5074.39299394854 5076.420627794737 5078.246864472764 5083.542699742413 5088.5024291561185 5095.871206375815 5097.619867741334 5098.420273897052 5102.217922853739 5105.723558159967 5112.261331634718 5113.320342200484 5115.389361744728 5120.4624696188985 5120.662992712158 5121.695305841088 5126.20847981555 5129.251959081602 5130.506453681019 5136.534217242647
5145.76009214534 5162.147462985622 5171.729112058137 5178.298994210853 5178.697407379071 5183.643786360553 5184.04373320152 5185.155794908605 5192.06531455243 5193.577988944015 5194.545344902195 5195.298493869593 5206.806706829124 5209.023029429111 5210.888527776559 5223.886376378902 5226.903849216834 5232.21484475609 5237.288813607286 5242.5347163512115
5250.997854903361 5251.110438785119 5255.783633924905 5260.327041159431 5273.6057418627515 5274.6825501472895 5274.871686544208 5274.915753361586 5277.043052521741 5283.782642001071 5288.104412829936 5292.383878720155 5293.538784077819 5294.073948932131 5297.368509076009 5304.276431269333 5307.616446149179 5308.615233257538 5313.586687190151 5318.847100229711
5322.219857275846 5322.655959524053 5324.111632415096 5329.114168790144 5329.710965393132 5337.986849954131 5352.464748955053 5355.551516435844 5355.6040267675535 5362.402414824804 5363.998069673869 5365.123515416802 5385.291218435527 5397.814132394931 5400.577419158322 5404.264730064105 5408.946830489355 5411.3373115778695 5412.445191476935 5418.131836195184
5418.2415310459655 5420.074169068989 5422.309982191364 5428.838556432218 5434.926700971339 5437.876314063722 5448.040293445479 5449.755984114754 5452.9042513108825 5457.036868689758 5468.468088765189 5470.714316669838 5471.989450192033 5478.559100397937 5486.8349245016225 5491.150635505015 5512.575624625095 5515.199489055414 5523.916309898564 5527.880426925835
5528.405183584367 5532.7294572626615 5532.799296775434 5536.596083032893 5543.09341969823 5557.91669120251 5560.03833474165 5561.922093268764 5568.457408522372 5576.385976172876 5584.3308321377 5584.936610826855 5585.45376054183 5589.001651369705 5598.40213898017 5600.493697307098 5601.6719936240415 5602.9892983800055 5604.015518679936 5604.059416983994
5604.290617925456 5607.675625815424 5608.597147137987 5612.10042085793 5613.473902135819 5613.609629410765 5624.768882732969 5627.242592531155 5627.27595410428 5632.136797670625 5642.411762677652 5642.747065724597 5644.480822989764 5645.275839155795 5645.475526880796 5645.568913268737 5647.403450454881 5648.971417045722 5654.087466946233 5660.8748031094565
5671.569305953241 5671.594507114573 5678.111950338738 5680.23637983767 5680.361699625716 5684.770982136347 5689.0674612210005 5695.515458182863 5699.541898034632 5702.043036490802 5704.706951929374 5706.997876498007 5707.342091054744 5712.574397179273 5712.840644153729 5723.566472956499 5724.707864680152 5725.440223608418 5730.682713654701 5735.507755203949
5736.130843946621 5738.4739770304395 5738.872363264403 5747.721850728435 5763.155505869357 5763.667099038491 5765.820593147047 5766.101547438427 5774.311434835877 5776.074215586788 5778.215152741106 5780.175718204644 5780.411580939323 5783.230533673426 5794.752858000155 5801.894134598127 5808.432387780277 5809.873092577706 5810.785556744604 5817.45123935039
5818.649839106291 5819.783052726812 5822.497807243587 5826.870744419997 5826.962056917611 5835.3898426193 5836.8558953232705 5841.754450446299 5846.151182772722 5849.9400948874845 5853.199284940794 5860.538606031639 5870.178144423158 5870.594139591259 5870.695253589675 5873.80566167819 5877.00772156572 5877.833731293364 5878.02306175233 5878.872917294452
5879.3398526991505 5882.822585048677 5889.3717222141395 5891.660968323555 5906.788543166952 5913.154537883518 5916.472361568842 5930.013183401552 5934.314173548698 5936.961701507453 5940.773772109335 5941.4948634092925 5941.638351489525 5944.628136883938 5946.37054773305 5947.394681123782 5949.321135019519 5952.266604910123 5958.8515392754125 5961.556854916975
5964.699789673742 5965.265587170788 5965.4874339848475 5966.039370979236 5966.889029186346 5973.178838570553 5975.330028165252 5975.341636615838 5980.714166718619 5981.157402340512 5988.890805544129 5995.047759340132 6000.5713055901015 6002.668628905621 6006.169844990048 6007.993165338958 6010.332099035939 6013.043583106377 6014.339947347727 6027.062481313831
6031.4361335952835 6036.019552314904 6037.289102968917 6045.958705475714 6052.833914102127 6053.014527701845 6058.80114023358 6059.52444304679 6067.517922648712 6068.001295534628 6070.3764919193845 6073.791646372929 6085.772772128912 6086.530398776066 6095.274679172016 6095.674114594237 6106.593352819177 6106.970609116611 6112.411249331916 6121.1318752856705
6122.426422585223 6124.819612502223 6128.1791116064705 6128.721061120461 6129.939474057773 6132.4925836862085 6137.286684174536 6138.302392146971 6141.3958516579605 6146.653971022282 6147.632885221788 6149.554765762687 6150.726334525666 6150.965522747647 6153.5155466440465 6153.721650091002 6155.0067791091915 6158.688842762157 6159.502646390408 6168.332772087446
6169.50022213499 6178.750781070762 6182.486637742505 6183.230287546962 6193.378384598485 6199.312062994098 6203.914241176642 6207.0480841292765 6216.357147008994 6227.486897730578 6227.6741460771045 6233.796495065537 6234.818426278055 6238.96259413224 6246.296038684212 6254.776928454422 6255.930760533144 6258.391201304776 6259.171025599739 6259.5349113137345
6261.480330645889 6270.805464023381 6273.087734191123 6279.6063659182 6282.593046855466 6287.974657696644 6300.947230648033 6307.658474751847 6308.093415332748 6310.977138160776 6311.894351135292 6315.010896446859 6318.450560752417 6320.106491573713 6320.128435169082 6326.4456240692 6334.363491699923 6335.064733526825 6344.946576287613 6354.054404700865
6368.80885403671 6386.0788668296955 6387.719148815979 6394.554602678806 6396.027558476867 6399.449307063614 6402.143729154049 6402.243112601233 6405.485088474456 6406.134373237277 6408.404934672734 6409.961755342108 6410.301645134702 6411.93012735844 6414.8761382184375 6432.849244312399 6433.0617974643 6435.986907878275 6449.384566664125 6451.67976395929
6453.886677430405 6463.278647612469 6463.346004229778 6463.527168954446 6465.321762988304 6471.31381904119 6474.173443841208 6475.416229352503 6478.825383504655 6481.332869917979 6485.997208993728 6492.078578182541 6493.94759561014 6502.4064349127475 6503.155252823164 6505.544192062921 6517.431559081014 6519.715517724143 6525.381062876035 6529.014545647731
6539.093186914367 6547.58738315505 6549.3463517089485 6549.852111064527 6552.057928482539 6563.258437736945 6568.366071397779 6569.037202769473 6569.137425955664 6576.761729843944 6577.937445276618 6579.444373159342 6581.84932391868 6587.215842005811 6598.411989959238 6601.6589628876545 6604.131451134455 6610.144214883851 6612.081223104662 6613.930481160362
6620.738082461028 6621.937072129117 6623.1379793057495 6626.235741372474 6630.713699811341 6638.980673587892 6650.914616035561 6654.3564673127785 6658.283875976342 6674.354461986539 6676.527062216866 6681.601330475049 6683.076930848994 6683.089114156985 6698.440409191029 6701.142910757826 6702.665918387765 6714.624074382665 6717.683117111724 6724.798829405821
6730.415350064576 6734.783931627161 6735.657228590082 6736.669765913301 6740.553330771658 6752.145715739522 6753.150853824644 6754.948823212941 6756.270384569671 6761.200526356617 6761.927240129503 6768.957695119648 6770.485686504144 6775.4087325319115 6783.1357145872 6789.429372495212 6790.25120783166 6792.864853493618 6794.571635468794 6796.241604554202
6796.724933821219 6798.218063026292 6800.837577518471 6804.043173724286 6815.549713044658 6817.308261115986 6827.167775311299 6827.646239266849 6828.896687563998 6830.494806213908 6830.83935160704 6834.2491755279725 6839.011442755444 6840.256412067684 6844.309828100388 6844.404922310895 6848.66526663145 6856.010541926041 6863.665966256175 6864.981312171893
6867.43417928114 6869.864329617726 6870.739110284696 6872.942447869063 6873.347700589985 6881.414440751652 6888.269553717253 6890.818401498883 6893.212182841023 6894.536887425405 6901.01700995017 6913.222917490667 6919.818758186614 6920.972866781348 6926.210318619431 6927.627703455491 6932.09497188907 6952.748043711465 6953.616148756738 6954.225668248391
6954.999692746435 6963.33468982284 6977.959162358732 6986.798178277717 6990.316834467073 6997.3479293455275 6998.050072404643 7001.969522695416 7002.562839747218 7010.244320498231 7014.343038702934 7015.838928025688 7019.905132975641 7020.889105822194 7036.369586763328 7037.75143053223 7039.962321115579 7042.686530628055 7053.100881361271 7055.184688830283
7055.518339754174 7060.505275060628 7063.3710244985705 7068.790352803452 7073.788347935619 7077.182653911559 7080.078254095249 7087.945720704201 7097.791862462986 7105.510965968166 7106.666553490652 7108.767025252356 7118.563735444664 7121.5905865368 7123.100845421511 7125.7243046868925 7126.070933209865 7127.7583884135975 7129.2806966207945 7142.046001094612
7142.935407195554 7143.498955549303 7147.065454962924 7149.727037291223 7149.964642755098 7152.843507355753 7155.242651205822 7157.386633641921 7164.758354737074 7170.034114514554 7172.009851131833 7184.253003637855 7188.393775846391 7190.143031327384 7194.25564849656 7202.589680246471 7208.298746525198 7212.4958946483375 7218.272165537116 7218.293219512998
7219.494316434042 7219.725048802878 7224.995592265044 7225.990062229977 7228.617226955945 7243.687772307631 7245.882313461924 7246.643492140443 7254.415187755301 7254.418897758627 7258.70620110897 7271.052812531323 7274.300184269256 7275.690463300185 7280.75064528961 7281.179834748404 7283.36830008534 7286.7221074391455 7287.554646770104 7288.6949246956365
7290.217611823397 7293.480324244046 7305.245285977602 7321.238369374121 7321.407335177192 7322.157674017402 7322.8875269826785 7326.685999454774 7327.610615576113 7329.2775391678315 7330.191362272868 7330.898626497543 7331.4679813655885 7334.600356928571 7342.761314327417 7343.215665524661 7344.508053322916 7347.938902078811 7347.939988672081 7355.981643970719
7357.006985741012 7360.65136672275 7362.768014623873 7362.903153110011 7365.359692405852 7365.414112535955 7366.793279340603 7370.532360407023 7371.686104859316 7376.212519746138 7376.327915222395 7376.631083141981 7384.224917048724 7384.775726588061 7387.132018994803 7387.317759337255 7388.172974514364 7390.814950820367 7391.6924855842035 7401.519243802357
7413.345290546448 7414.6103219343895 7420.606156898392 7420.782871236354 7424.710796150272 7424.984715433645 7427.256772010976 7435.55943677948 7438.947929725955 7452.309825298462 7455.4131193245075 7464.445381270616 7464.821011255927 7475.022409239188 7490.70600564026 7502.778118808738 7504.095723902392 7511.540360693792 7512.30493053186 7520.894968019871
7526.95214562389 7535.918162650307 7536.8409389201315 7538.17951888652 7550.540571092344 7553.962469808557 7557.230961796297 7557.517958564132 7561.440913922647 7564.268821878123 7566.606114072723 7569.002123621671 7571.69272305369 7574.074282749486 7583.730019884283 7591.528759567028 7595.969248768955 7596.979268553561 7597.237223834346 7597.707460180156
7598.380698552948 7602.864959381567 7612.145715179883 7614.91906478851 7621.018420902248 7621.665667191621 7623.664163268351 7624.950857031056 7625.936239570633 7627.921137526424 7628.596459363548 7639.468964998903 7646.1640383958775 7647.231809607078 7649.065682072796 7649.407583235004 7650.091315805514 7650.604326258559 7652.834054496778 7653.785435030721
7655.646870778633 7661.359708078052 7661.501075790224 7661.915059220093 7668.306997870722 7668.499347535953 7669.167060761113 7687.849750735924 7691.839626305993 7692.556159779818 7699.143767170384 7710.433704119082 7722.867028597345 7728.42468652722 7728.471765828877 7728.760548164907 7731.714432481062 7741.404937046806 7742.138864425049 7748.98280700519
7756.939087574191 7763.196555067165 7765.960596220778 7767.020222137419 7776.983842234036 7788.626657336564 7791.52470140746 7797.483241306085 7802.684006841273 7802.948768569424 7805.8599096701255 7806.959510495473 7807.445490823183 7809.254402806495 7809.6401630753035 7810.463337581742 7813.592646226456 7813.940581177721 7816.96620939914 7823.4957470334775
7840.76718926542 7842.707101139253 7843.571843683195 7846.673970701104 7848.02686037503 7853.0329763549125 7854.246939331041 7866.67693999332 7869.0317698031295 7869.888919077368 7869.967437577421 7871.207709745891 7880.8428283405165 7885.084752112457 7886.942480054272 7890.93263471594 7891.454894417933 7898.467426583336 7900.536459357924 7901.160523807637
7911.238410496543 7912.201115846562 7912.805875758952 7923.812456384647 7925.750086672625 7927.230135996952 7927.687625656039 7928.756829582221 7932.547709255935 7934.908387468114 7937.360582140025 7939.147211828852 7948.852980872248 7951.887265282157 7956.506128213402 7959.903007300816 7966.34546976696 7967.7437701111085 7968.904402272109 7969.150464963717
7984.566577477206 7990.513909773474 7999.043271848402 8006.9832502299905 8011.466264918806 8013.158064814028 8013.640325571486 8014.155371968287 8024.599881647338 8027.000012877635 8038.5558200510995 8043.271388911302 8045.84084300915 8062.738603362396 8065.5035666938065 8069.925842437024 8078.728345161926 8082.842949725288 8083.058292236903 8088.049278955067
8088.3328305817895 8088.437204645104 8095.136864020266 8096.45819674549 8101.4139994848965 8102.717505312245 8113.606701542008 8132.148927670133 8135.184989711691 8136.823910961944 8142.7706343544005 8144.085409402105 8148.307767062206 8150.989252473881 8154.393254307778 8158.70279215104 8164.098748016453 8168.748830840993 8182.319678107445 8183.796344614659
8192.911226922504 8196.338164841362 8201.167780062531 8202.993369765078 8203.750795412016 8212.46593009358 8216.495457441135 8231.525602495089 8237.473302558687 8242.086471548431 8253.629417717122 8253.950838412826 8264.074922813355 8266.07272096435 8271.803196883175 8277.862280428013 8280.616432223804 8321.70177506619 8323.316013561225 8329.408336816907
8015.746828368512 8027.367386418849 8057.675119087594 8063.212662231122 8075.947256412218 8085.459234209935 8101.134021179569 8125.302478537077 8139.296192161418 8160.42739440551 8194.645672345037 8207.756743058133 8208.632283965911 8213.352436432457 8220.455068128682 8231.703594209343 8240.566984720695 8243.61355750673 8248.760774897819 8276.300979750959
8280.986336055039 8287.514722209793 8294.123162685859 8294.754999998706 8298.043225983725 8303.863020120822 8304.873313059645 8307.710335753825 8308.316965004557 8316.717862218138 8327.645429987166 8338.050588135773 8338.200786217982 8351.809685550183 8353.133441300291 8353.778683893557 8359.982325922198 8363.087208278039 8365.113754454203 8366.147896901626
8369.636818942086 8373.896943005551 8377.674081818343 8378.970100524884 8380.50655505319 8380.580630661307 8393.940976885313 8402.652173998838 8406.971619852327 8409.1458835883 8414.558712603566 8416.274598558484 8416.818425985992 8417.064890165067 8419.802149545776 8419.93630305384 8427.587521601214 8432.706807426739 8438.69292271268 8439.165232060801
8443.159597133834 8445.024139941805 8449.50838493409 8452.161812546869 8455.519406266629 8459.288208512382 8460.175153132299 8462.494169052225 8463.010290774771 8464.592234231815 8468.928337552521 8469.979164545586 8478.136285314586 8484.066378583784 8484.122681208919 8485.044289689225 8494.077327625111 8499.575414413755 8501.527349711301 8503.41315399932
8508.522232234118 8509.037782388348 8509.432624283856 8510.128648695538 8511.545951750764 8515.364264751626 8515.68049137318 8520.810685362118 8524.350310842321 8524.740861120268 8526.323191869044 8530.141673097378 8534.609678659217 8536.211450854877 8537.001217028694 8543.80787584829 8545.708815642065 8551.20898694615 8559.106697082503 8564.79397062481
8565.721844889656 8566.306670156135 8566.663255980162 8571.52958829848 8573.98414575576 8574.460529030635 8577.5584450892 8589.541712385773 8591.18424963637 8595.524001831307 8595.909338018439 8602.211152945212 8604.98192886211 8607.89109997852 8621.126984862058 8621.198135520553 8630.919041988836 8631.985463679064 8635.599516562808 8635.934340514585
8635.96031659368 8638.097098351185 8639.184134553558 8642.398281877546 8645.469271838205 8645.520979333287 8646.835464134183 8654.59419104341 8656.3606795738 8657.307828773559 8657.309262476778 8660.850986074194 8660.898607653393 8670.7069161826 8671.675364625593 8674.954906098108 8680.000744894856 8681.41385835632 8694.399607155325 8695.196655749209
8695.936726217875 8696.896972776161 8704.177845191163 8704.24343462085 8707.132870170899 8709.445997258008 8713.428304525245 8715.674073123877 8716.495961440414 8721.210613157484 8722.395942966383 8728.567104341859 8753.175438479744 8753.400121026054 8756.173444735228 8758.216870436305 8758.396623692137 8759.7108964609 8770.727923708364 8770.816330509491
8770.816474398638 8771.011837939504 8771.48366003616 8775.410148108593 8775.652007367753 8778.756305628462 8784.102777229207 8788.774136833275 8795.195813956569 8795.748322900365 8800.98394005822 8802.469087760981 8803.11243647277 8803.363227525306 8805.91939803925 8813.909637704972 8818.33642050988 8818.832313727069 8821.066827938004 8828.648904230224
8839.830732791934 8843.932887348503 8845.169744876579 8847.257198741856 8853.815221654828 8860.25261631456 8863.699863156815 8866.907890124648 8869.371161891371 8871.86412643923 8872.487721010712 8877.958599361207 8884.17958121363 8885.0219510477 8885.054304893863 8886.21968077632 8886.390707591587 8888.271206964911 8900.997122470153 8905.456297955343
8905.625558036669 8905.930896753765 8911.102079126647 8911.13497640001 8918.358622735832 8920.585536330591 8925.091163649777 8930.015093337093 8930.60876628346 8932.045354640799 8933.238012232498 8939.019898464374 8940.674170046828 8945.282217851416 8948.669603030517 8948.715665265594 8950.757250981671 8960.34392593561 8962.875289961361 8964.299640629886
8964.748616763734 8967.830397110536 8969.446001072076 8971.763600532591 8980.664403612918 8982.882824295579 8995.014069619861 8996.121471781966 8999.227274975285 9001.308702714186 9010.625905833098 9010.984734716489 9015.735315766713 9020.319153238781 9024.71450570214 9025.267147961067 9027.426659334882 9030.00793641372 9037.23948082718 9037.6951173509
9041.035740244472 9045.089776653904 9050.29202912175 9051.294015341859 9051.502409720686 9052.610376666054 9058.376318239143 9062.556501270627 9069.17792352643 9074.320019863688 9074.513174240874 9089.387725943678 9091.06530195538 9091.267139783498 9111.749987337931 9112.86220553334 9115.971638266132 9126.109426807627 9132.87308455211 9134.397584329912
9135.549060514972 9135.717674488178 9136.421522222994 9137.073872247882 9137.52131338372 9138.472641624056 9147.465202543644 9149.593820085729 9152.024898655523 9154.577519695938 9154.854567728533 9155.58097217053 9157.418274446152 9162.21954188878 9169.325374324342 9170.748450813968 9171.1329420028 9175.40956805758 9185.53878987495 9186.124663089762
9187.197076920738 9189.668642805842 9190.334993341701 9192.932651929801 9198.350778880691 9201.285810445119 9203.006473610581 9204.479123506479 9206.040049970377 9206.232453416238 9207.906660777511 9209.026068530753 9218.424710536035 9219.970317663297 9227.172533675302 9228.463635955133 9229.96753640849 9231.075676185728 9233.664530245904 9242.174983683339
9244.242232970319 9246.06037305828 9247.932392801613 9249.351576919726 9253.48892283857 9254.631557769671 9254.632326417324 9269.56389868417 9279.186490175518 9282.097826669542 9284.43357963138 9286.60832946443 9286.743947611867 9292.45710483184 9298.431459772857 9303.400763103247 9303.935205659376 9310.888381914841 9310.980654731493 9333.365552072923
9335.261579903525 9335.499960481578 9340.198693184175 9340.820196054212 9343.122652324017 9346.205206385494 9349.313062745907 9350.685649991867 9357.222762599833 9372.649113431507 9377.99667056722 9378.483930561837 9383.432247351304 9384.087427450433 9395.493108783285 9396.170598553748 9396.227429124274 9396.349831848414 9403.913801505676 9408.728417833448
9408.90832762255 9410.149223858645 9413.034862097164 9418.176421815191 9418.774575054233 9418.839667040023 9419.829374791125 9420.089466129144 9425.476927192589 9429.285242378135 9440.42460460015 9447.514310400393 9447.791305688635 9455.441447347346 9461.033646630607 9473.594103079524 9475.329093940652 9481.870543248931 9485.130706079013 9486.499072746867
9495.256593533099 9497.481484773893 9512.656602582172 9512.71884835147 9530.269273791908 9533.258129393407 9539.237559854671 9543.529749702819 9543.66187933764 9544.997842666146 9556.235600765354 9556.47062108091 9556.947519226671 9560.441329332347 9564.259136239305 9569.06606750233 9570.193670445253 9571.225763342878 9579.179151562646 9593.332580364113
9595.148808535308 9601.415451324061 9605.366889203071 9608.187028018037 9608.301868461072 9609.47669857853 9616.586175239594 9619.204427264736 9621.681857677711 9623.98321452666 9627.199110174472 9638.228318671441 9643.116261149466 9648.424539125388 9653.91049786028 9656.533912911049 9662.604570888168 9669.843447893534 9675.31927162706 9678.305376705108
9679.597750964063 9682.923684735804 9683.345930342723 9694.811316179348 9696.20249373201 9696.535605557388 9697.623553996908 9702.176496207345 9707.788149020455 9719.72982984341 9723.899368670185 9725.43812540641 9728.123935607367 9731.943693365372 9732.313744401707 9738.664183794359 9739.367314440595 9740.133466687827 9741.607124210672 9744.183192123477
9746.618087314275 9755.471494562456 9758.624346608442 9761.209261482903 9763.138375395087 9765.100768235505 9769.87595396392 9771.949968707704 9776.211681996521 9779.712856102795 9790.700961658842 9792.601140299466 9794.336520798342 9795.069903696041 9795.620483749959 9798.098666306176 9798.78661006326 9799.224679825835 9800.875274480491 9803.886313494037
9808.565627171334 9815.351323886009 9815.873495683662 9820.94727881409 9828.804658515717 9834.127212355843 9835.883368141362 9837.458342708434 9837.767957963855 9838.267395545796 9849.154055327765 9855.113749445462 9855.793712873776 9863.36702906275 9870.518283368781 9874.461157844918 9883.560799792473 9885.157722093722 9889.525942125381 9897.3541153324
9900.600897381182 9902.661268117148 9904.098811720123 9906.493554627055 9909.95913408917 9911.982433231273 9913.316789321507 9919.068341190517 9933.943314868666 9936.13874535734 9945.22137206914 9948.31058799801 9960.75616723941 9977.808176210914 9978.914316820392 9980.539522746732 9983.605866599437 9986.543381470994 9991.6587956708 9997.539026579538
