5192.9294143058205 2591.349791022497 9067.58982515771 2634.939715705514 6855.547566163753 7971.306190471403 7784.307313432917 3014.2537125434387 845.651944072463 2476.924130103119 4614.824891378136 9554.83561258295 1203.1706764272476 5706.403178671651 931.7565175694887 2789.8539361790176 5240.666979559504 9202.642289765014 9694.398949469669 3069.954271255283
1249.1264755755394 9249.330487380112 8909.794575483123 1171.7040257392453 1877.580704320617 444.4095793289171 6780.968421168708 5224.328862944606 5762.558057713837 5060.972830812254 381.0234434597637 4047.8215284986372 5461.8654455804635 3449.8166964836905 326.54272207634506 8645.890601015642 8038.220353103414 6294.494403670057 2371.0156992457596 5560.1092452979865
5741.768951764624 398.8655688577047 3098.766584469821 8067.0160579161 8156.544558382476 5868.77395444575 972.1355038766887 3787.80635517186 3904.426056330509 4043.6285990962597 5869.420409604852 180.6476638471177 9541.189026450586 2340.301898998608 9948.36087007884 2598.541642526637 5632.737419417668 4290.899527614935 179.70472869789478 3121.044828335956
5165.63752636543 487.60046391604584 8217.669237239534 2206.05172559153 7424.5785859727175 8891.899677881358 6408.868183507763 9358.234935053386 1260.407907016171 1022.2331018295006 9688.549284265055 3473.6270731063655 5275.899358001537 3903.1032373191542 1872.743094048932 8295.22008642604 8872.433192509265 6340.460815435043 1427.2006077933663 3502.3474413699164
7329.2775391678315 2082.243625053004 6178.750781070762 7357.006985741012 6128.1791116064705 1729.6121539298947 8631.985463679064 2543.1707852112318 4589.489061047465 9883.560799792473 3563.938550166601 2860.520229135516 6552.057928482539 3943.2266792831206 7391.6924855842035 4771.936306432282 6307.658474751847 6216.357147008994 4442.613112850202 4454.461254268286
1291.7041417642383 1559.0366543949342 8704.177845191163 7966.34546976696 9135.549060514972 8630.919041988836 890.1284026557099 9418.176421815191 5601.6719936240415 4033.845483964192 9731.943693365372 9623.98321452666 1651.558997648981 5095.871206375815 3289.3962123831357 5608.597147137987 2437.1192383029907 8869.371161891371 771.2191232666465 9560.441329332347
8359.982325922198 2031.0219233620285 7866.67693999332 4344.312503530639 8509.037782388348 8803.11243647277 8911.102079126647 1526.607186678821 9765.100768235505 1759.766154634591 7343.215665524661 7015.838928025688 652.5949756683092 3438.3019984054686 1859.3303574176457 8884.17958121363 7621.665667191621 5045.10499676568 9429.285242378135 1711.1493138102153
2860.14817654611 2227.009245736228 7911.238410496543 1878.475390017018 6963.33468982284 6873.347700589985 387.20050775582826 8645.520979333287 6830.494806213908 8220.455068128682 538.466832850677 6547.58738315505 9010.625905833098 6149.554765762687 3389.8619428382003 5684.770982136347 1385.9190999584425 4500.6012790878 8573.98414575576 7806.959510495473
1559.9486037076392 2468.788110524648 3901.3971343162702 7750.934318680665 8608.600079478852 7707.0758719173045 5469.985897827323 1748.4366402972173 5955.278590946811 5627.228989536304 6806.457250276859 6399.4531056743335 7047.943072175725 5573.499484763812 3605.2307717818567 4692.856342161796 2244.0363742017767 6037.226754080506 2514.734274353828 8356.936381992236
4850.394607425998 7887.271940843428 2118.378938406408 9035.243191630374 6618.730377633189 6710.339947059682 1767.2601599512127 4308.553783814077 8163.307113622108 2786.884621733554 9243.892571570248 8421.66745206771 7745.932163438355 9972.435136767526 1371.0510407479549 1724.1245947190498 2664.413022472579 2810.818955435984 2627.063839783186 7296.83136783158
1084.140820978886 4574.900586018057 5588.657584784334 8011.967733042222 8568.471649604433 7612.093871367609 3594.730213628338 2361.4454459094936 2792.1034139485923 1366.0445564547952 409.18678900817685 2789.5703784351344 1962.6516617142286 2752.5270488389488 3858.2417340216457 5978.458183538757 7329.150067623919 8186.73258790808 427.3548859706222 560.142215545949
7822.211977767507 6490.7685643459245 5625.239708096964 4067.1993093117176 5349.110064096019 7154.33452119876 557.134796904386 7584.115902488122 2558.041604813438 8978.172434787324 8596.81468141865 3524.5021559505717 989.3674530209917 9999.036870854965 7306.561453658781 9234.655452100711 6447.623565594438 776.567269636571 9826.600098582405 6711.864412689754
156.62351436283473 9616.586175239594 6840.256412067684 6626.235741372474 8800.98394005822 111.9889214770764 4918.367489249589 3047.7132479793 3910.9224199972723 8501.527349711301 9556.235600765354 3805.3575937477103 1213.1884212371835 778.4379125516772 1538.6869677505167 243.83382692976463 3549.509740330996 7224.995592265044 3403.5599143927307 9292.45710483184
6754.948823212941 5105.723558159967 8721.210613157484 225.02639464826223 6492.078578182541 8621.126984862058 667.3952519239623 8264.074922813355 5452.9042513108825 8905.456297955343 7939.147211828852 7271.052812531323 4568.973795643221 5846.151182772722 5448.040293445479 4164.346463800153 8911.13497640001 7809.254402806495 4422.486152842308 8419.93630305384
8813.909637704972 4974.225151160291 1560.4883925999213 1034.875867660412 9425.476927192589 6913.222917490667 9696.535605557388 8671.675364625593 7362.768014623873 5294.073948932131 3081.082548579518 352.05609017636476 1442.193575820182 8142.7706343544005 8818.33642050988 6031.4361335952835 5560.03833474165 2970.499232720016 2267.828121247665 8660.898607653393
5712.574397179273 2251.8258639355204 8287.514722209793 3931.2837824445223 9874.461157844918 6234.818426278055 2080.9262020810315 4794.433565170826 8995.014069619861 4870.515084048516 3108.1350075745495 1069.5173057575025 9725.43812540641 2768.29753783978 3030.0880576800027 7967.7437701111085 4656.14405616184 8515.364264751626 3978.1170910981414 1206.6695496075308
3821.77185339823 2442.638410054634 6575.194378103639 535.6952247988411 2022.5714043647524 4976.089409389376 8082.7795300517455 7957.233483184856 114.29623236466901 1081.585545713707 9806.86235448018 1703.42678032251 4834.791710170019 4993.034395495304 9469.070412124942 2116.179176010177 963.9626830897241 3407.7127723443623 8633.48260451574 978.6598917368616
1654.837416834689 4639.322134208031 7477.049107378521 1559.3246402266536 7626.940502866876 5838.453324261654 9201.286958695448 2654.8944094800063 3579.223402386833 321.7791436421413 4205.183964737341 6256.619264367742 658.2987133514595 2295.4359148361614 9774.012925595798 5114.547289383892 7108.753783436447 6814.69813925672 4486.021433761398 3437.406648878161
5335.82761950894 8691.187769862954 7798.723837445695 1241.1036578850976 2526.7506221732806 5240.499109192058 4348.798818986691 446.72653836079655 3705.566671075583 4257.269504471262 9384.348929733025 8729.336742285555 637.2683898796616 411.35250904186347 6445.553837894125 5331.720351146861 7350.595271422902 377.9039320466926 919.5070498600444 1582.6626008972987
3214.8561403884146 9445.82675766507 3417.2999860483433 7697.199777644702 7484.657521084936 93.15735461204233 5056.172958732153 6586.690707774971 5017.431470331383 6074.624041033571 2676.8273624698368 4869.445406756172 1472.1746351132947 3935.7429482249327 5785.75267699819 1048.0338681786138 7713.824121789307 7549.462507900665 8584.691178753927 907.2932871940209
7376.212519746138 265.5015890886936 9834.127212355843 587.4388919995143 8577.5584450892 3569.1741541987553 494.95259688892236 8499.575414413755 635.967560781796 765.628616347619 4102.229555018394 8276.300979750959 9298.431459772857 9137.073872247882 7647.231809607078 6287.974657696644 9475.329093940652 4264.703143861713 1378.7158423782907 8905.625558036669
2763.45208069817 5763.667099038491 4381.637635691641 6654.3564673127785 8144.085409402105 4548.589087484315 9051.294015341859 4676.4968683143 8158.70279215104 7928.756829582221 1653.1365988116354 1511.643017201547 9593.332580364113 326.26355156223474 8043.271388911302 1101.120100604771 7243.687772307631 4217.011990670295 3321.91987634901 6137.286684174536
1686.6502110972924 8013.640325571486 1701.8860241101963 4403.495109366147 7149.727037291223 5041.06025071327 8196.338164841362 3588.411424804667 3548.607045125579 499.44882847401726 6864.981312171893 4208.788577688653 7553.962469808557 1366.1682295772237 1304.958452662316 4737.679770570481 1152.1574742673856 7557.230961796297 1832.5885835812062 7810.463337581742
2580.5367172202477 1350.570917491417 374.3117779872951 1468.95094768128 3746.4918146634363 6067.517922648712 8469.979164545586 4804.229551841486 280.5053851063033 4315.5133414483225 5988.890805544129 3071.790598866899 5226.903849216834 714.2515983549791 8168.748830840993 3377.8795200072154 5042.050142198088 3959.0645745375195 6409.961755342108 8373.896943005551
7048.237683007665 8319.510731265405 3892.4971991957423 2046.069845320222 782.5499589880891 5227.772714569792 529.7512305124375 8650.502881298033 1783.475101427695 1480.605059812876 3033.663143512432 3119.11041551345 5274.075488185609 1760.2151904858777 4937.572402947901 8849.819407402389 8929.02823431232 9673.601126158268 8308.081681817615 6694.826393036586
8453.870440346504 3316.5132464236135 3574.451774426952 7173.580351777964 7058.29774723981 8487.340050757775 6413.822303652258 6462.553040074521 71.37818281672259 5107.870102838542 952.8192582764893 5551.753445123892 8925.06143778083 152.01163475104363 6680.870980042977 1108.32711527199 4523.380470055815 3440.197248709167 2417.8251089385326 6050.478252701615
8618.252638304428 1026.3463571013608 4438.2217117257815 7610.3377222603895 3228.8091411833752 4585.886799600007 7426.843985803451 752.2941017813267 2369.6947187337546 4207.488956834508 6324.935163896546 5213.696398091881 7394.792402902377 6297.80085761875 4323.731243296889 5147.720863681907 7116.350867340312 7927.613751697191 7271.732105805056 1373.5944625773955
6525.498694310719 3879.530518128429 7584.391957100459 7577.253700987492 3418.6531332900004 2901.346054133974 1379.6797250075088 3455.902573756252 525.3417634117042 5225.99434166383 1010.2259158481952 9762.83739812507 1836.4732617910306 4288.052592618391 1422.535032821457 2484.282224127526 5748.10853622448 1748.4364609994718 2846.0115468704294 5967.879374229472
4364.298485993105 6433.0617974643 4199.310210826394 7722.867028597345 7843.571843683195 4597.884530569393 1298.7905897167918 824.8643887769568 5027.171453726668 1051.8770826705893 1463.6176329488248 3383.5785468832282 6753.150853824644 8101.134021179569 1434.3165605357767 8369.636818942086 6238.96259413224 2021.4467396400937 8656.3606795738 1247.1375460676948
1706.1825410518384 4823.319588753869 6927.627703455491 7321.407335177192 24.53104753059265 2442.550817611032 6168.332772087446 5486.8349245016225 6568.366071397779 9171.1329420028 2644.3108248043222 147.55305771882553 5707.342091054744 2137.370171263735 359.283666240956 8484.122681208919 8393.940976885313 8950.757250981671 6529.014545647731 5952.266604910123
8164.098748016453 6246.296038684212 4060.0207226527887 8925.091163649777 4533.165691773099 6794.571635468794 1777.7756117651022 9728.123935607367 3247.955588034027 8088.049278955067 8784.102777229207 5966.889029186346 6146.653971022282 5870.695253589675 2770.7231295363845 3009.6258750190664 9481.870543248931 1947.1632367127222 3375.6924671747847 5763.155505869357
8478.136285314586 6789.429372495212 741.7190769501947 3467.7833007515856 7623.664163268351 3952.9012255866346 6320.128435169082 9137.52131338372 737.2045325202458 5120.662992712158 7661.501075790224 3484.8016979735407 2204.342953725059 1713.6649075394528 1443.777679445708 1694.244775033621 943.606489394272 1436.3001844564083 9310.888381914841 247.9340918975237
1641.2537624001423 5870.958227030265 9229.735656331835 155.04447349408923 3584.6493119749225 8291.777762265454 1020.6141739602792 2401.5575449507155 6027.627720445088 9236.971447164377 8475.931646269582 1211.1886482160849 437.27649680609824 1060.7288485373233 2054.345022876498 796.5434934316506 4200.080181108124 1679.8439117814657 5522.204233162506 1679.90902020559
7406.379772125973 2036.8616228846226 7111.4533793409355 3375.978228611791 4185.626281088445 1420.669857128153 772.9092509459879 1254.1951442443976 2730.909809602864 9717.109925478082 5926.101502767651 6736.299103213396 3629.775959219974 5906.312975118385 4741.621992486746 1635.0379428485874 4409.345363115533 7680.122105561785 4439.202594451248 9402.908803192617
9307.27051629989 7922.083993543873 8344.497450320547 8335.17949060784 7196.08763088536 9974.14917915704 3519.82061330113 4359.328422881932 7317.022241083603 5108.353904277935 4668.849117734645 3943.4365856144927 2020.3381808588915 2428.394589317746 3712.5696938281017 868.954440135663 8062.822688034289 3545.1571793407957 1943.5119823491887 4138.655400142931
3179.0256710262297 1801.8884955993585 6987.578742658193 8128.480106015269 2621.3788221686564 8568.852613980687 9937.547185966063 242.3654178404333 1155.3426103002462 7183.9480665404435 8969.580568613772 5792.044035978179 9599.24000888387 8484.899936434906 4513.857484612295 4599.188832002989 1414.454336904043 560.290054580187 7622.690154061377 8905.169124810061
4080.1812480891954 9340.820196054212 7564.268821878123 7574.074282749486 2027.944812652861 5958.8515392754125 6867.43417928114 7287.554646770104 2764.6001916034425 1423.3965048327811 2052.647671017478 7455.4131193245075 5478.559100397937 9089.387725943678 6106.593352819177 1903.7823535092202 1902.496695903063 644.1823244632538 4392.610278474869 7053.100881361271
2496.806452466219 1890.9055913224215 9136.421522222994 3261.00084684105 7121.5905865368 477.3764816622761 8886.390707591587 3280.608965363273 8280.986336055039 8900.997122470153 8419.802149545776 9372.649113431507 6752.145715739522 2614.1306882757785 1451.4277639629304 8510.128648695538 3952.1999078053495 4861.134293260887 3197.9067965718764 3327.2840200273567
2750.059640345608 6997.3479293455275 2361.2347954729553 4989.844912257645 8595.909338018439 5471.989450192033 2416.9168747016447 3001.5715387024975 5819.783052726812 4401.0386132332615 227.11416211195322 6112.411249331916 9741.607124210672 5712.840644153729 5946.37054773305 7956.506128213402 3838.6301545001243 7218.293219512998 1947.2780589232175 823.6802940757736
2632.158316011839 2639.1286346178754 65.69939523953683 1055.9199035875276 5184.04373320152 6621.937072129117 5849.9400948874845 9960.75616723941 1134.379206711963 2072.223985307751 5695.515458182863 4846.34460442587 1065.376206176919 6761.927240129503 7756.939087574191 5808.432387780277 5642.411762677652 1095.4697112077915 350.2108157687511 5237.288813607286
3461.750317380449 9163.555181814594 2194.4565706415165 8663.072679787896 5825.460549692521 770.5603546660011 7288.435158061508 7520.991127195823 7767.561421883585 2990.5181893496624 3477.3923797407724 6693.004558360739 8571.451054913705 5988.320640768578 7838.010150604151 2270.716570116044 1747.1831811401084 9336.921089012809 3893.960186436144 7884.481161203553
3978.174151842272 1867.945409303108 5371.845086984735 1156.6513704621295 4900.440466455609 212.27103060856624 8717.063992934072 5362.277856825613 4743.477618656284 8618.76568712344 1911.417170449583 5218.466739767049 4840.411964258713 5383.527789795083 269.0209590061654 9873.985876136598 6806.069382798521 9278.599245471316 834.3757796035045 633.6078896846298
9785.122629838303 2738.273236418638 5766.190456312834 5727.063612361933 1588.4918375456857 7242.752666736272 1662.8374120589463 9520.373046452169 8764.691984916755 333.05963588864284 6170.072858866405 8967.709698719416 2693.8331700498175 2997.7342337843247 5408.9292454638835 5814.846516696053 3645.498182206055 791.0031934017093 5771.441168590543 9090.620371424124
2407.7354191077625 1973.7410155524838 1454.1485313110281 8760.745276035783 9572.921075602017 1212.681390460829 4734.066675034758 8068.691725690555 5857.263041481022 7929.98460294023 9439.096580521995 9051.243804601123 2934.227422913087 4264.400598004071 9324.601971718259 2991.7322780254262 3178.1950577831453 8786.913727794365 2140.1510544361736 5161.838801586169
8443.159597133834 8607.89109997852 7055.184688830283 1103.2462189626501 2542.302098065361 4319.400379686761 7809.6401630753035 9913.316789321507 9447.791305688635 9335.499960481578 6465.321762988304 8524.350310842321 9396.170598553748 7624.950857031056 2956.0794295754445 9803.886313494037 8063.212662231122 1574.9343234511803 3769.619317414755 6453.886677430405
9763.138375395087 4781.0017362211165 9041.035740244472 2149.537675489863 4230.606098768153 2927.626844625776 1097.9211769833507 1133.7955575680203 7959.903007300816 9605.366889203071 9069.17792352643 7571.69272305369 5304.276431269333 2904.780538621371 3554.413715420868 6368.80885403671 1579.3644962314102 2933.8962037159868 2548.079694917994 7871.207709745891
268.1985781876428 25.155725643970506 4822.265796062473 9889.525942125381 9091.267139783498 8329.408336816907 9794.336520798342 1827.7906318036419 5183.643786360553 9738.664183794359 3540.3627700452134 7347.938902078811 7912.201115846562 8635.96031659368 9062.556501270627 3963.8961273930795 8969.446001072076 8839.830732791934 5178.697407379071 234.46394604763165
3296.5261054882944 292.5163971871092 2473.7921148885935 3812.160762469181 1116.4757167502482 4535.185343417798 6638.980673587892 6505.544192062921 899.7825955361071 4820.080397636154 9219.970317663297 5725.440223608418 5437.876314063722 8828.648904230224 3307.03396076092 5210.888527776559 8366.147896901626 9396.349831848414 7020.889105822194 1768.5125086295516
6456.633423641676 1388.9746222656474 783.5275483523762 8909.403744369232 3791.5052768304845 931.9594129708719 5310.337811198107 2730.5081138270193 7532.032545698101 6563.3063266331255 6019.625635971116 162.88833415174065 1413.6845077229555 562.3720159456902 6127.90588595911 4797.129744010325 2326.573156104694 2700.9204945928045 5084.0999667829965 896.544759732455
7381.43798387679 7969.4835639390085 1193.044672619985 1921.7251518771038 3714.898626012758 4451.206638009618 7288.478120715022 5915.378066735954 953.7146576055344 7446.999996933279 6137.940285029582 6434.275856430696 6736.304299609642 1199.9589047430236 7896.783802218145 4365.539063555976 8980.794828496579 123.6531607001512 5375.7639589198625 2927.3611001389377
4692.388645045602 7308.030925160827 4146.436468376484 5429.676885389693 4018.8472176983623 9258.315339066361 3580.8604564025736 2958.1643393992076 9991.408407506276 2316.4248956926967 1806.8696337765966 7045.363114844141 8929.471584518402 8021.075020858687 2257.4370832032296 605.5805104193036 3840.8981346125006 1781.871623477238 2002.4312491168505 8935.649370635403
3315.7891367854354 1674.3384673178384 2373.3168087447575 1421.4896514456786 1390.122677220671 1906.9675321292211 526.130183836313 3740.8207601887775 9646.643470716697 8568.017212675719 6535.316930283429 9815.256539058928 1423.9172988583248 3628.9287054420793 4370.787962912266 2540.409417340507 9420.474068226213 6862.865095110458 6682.816398680374 2410.521844962219
2209.4846674204005 4331.026702453608 2704.1616507508857 3554.527764234512 2220.4254599441397 6396.027558476867 5776.074215586788 7413.345290546448 7597.707460180156 7840.76718926542 2014.5984479305569 5313.586687190151 3012.2543054004823 7602.864959381567 4455.860455004214 2530.7635489430045 9980.539522746732 5878.872917294452 7653.785435030721 8085.459234209935
5536.596083032893 1909.1131415410778 6150.965522747647 6478.825383504655 9206.040049970377 6623.1379793057495 6503.155252823164 9849.154055327765 2147.155653128613 507.44338452115124 6610.144214883851 1619.1684860589771 9052.610376666054 8551.20898694615 7990.513909773474 5604.059416983994 2946.382417784832 932.4832751620926 6335.064733526825 7763.196555067165
5363.998069673869 226.36226179645337 3183.4480043566614 1303.8204470059966 9570.193670445253 3348.364557596082 6890.818401498883 9682.923684735804 2446.6305168302492 9190.334993341701 4186.078521710191 6203.914241176642 1473.3085727306616 962.8546672838389 4570.556285431623 3367.5442326854377 6830.83935160704 5627.27595410428 8565.721844889656 9911.982433231273
5066.754041441318 1482.1397186101947 7390.814950820367 8564.79397062481 9997.539026579538 8962.875289961361 6036.019552314904 2929.985933771475 8559.106697082503 9020.319153238781 3894.0913746244055 7646.1640383958775 4171.922886137397 8062.738603362396 7123.100845421511 1977.242110488393 7853.0329763549125 8377.674081818343 4735.2333367460005 3335.0282159262433
7785.7374438962015 8194.067157148154 6041.339550634433 3883.4105307942536 1348.6891012696044 6101.773475048605 528.205241474663 336.75017435472967 9709.698140717854 414.70427578639834 2505.269763196152 4340.48478254004 4005.5433798582653 5245.479119111119 1929.7909963638738 8409.828762175153 3857.610343535606 1553.614465591484 9704.21827717004 302.85790952823464
3514.1851388416776 3235.9126719091346 436.8000836086749 6917.146274030448 8263.75565714223 5446.854809202317 8166.22256301704 7324.520244097324 3929.6803045355564 4768.446703697403 873.3350986300137 3396.3830479144553 5235.107979689402 8593.10120707824 7737.79057442123 5622.453969737323 4618.038453897313 4139.784325144687 9044.686965440082 1188.6573034432379
1679.9410876903353 5892.795205269201 2406.0701771868985 1155.2865487742447 4867.351128475456 3934.1854866137305 534.4170720700181 3664.4578137841645 1214.390467640224 4634.968543295902 5189.986642551065 506.2650384028322 7015.167648775517 9476.90745742795 9121.192014093554 5085.92631224787 2148.5315525755154 7395.812726018224 2826.912942996038 859.6157397854442
3443.6669552055178 968.9189845198631 5791.930264033804 644.556704590693 7953.5367081575805 7013.054255100533 2481.435092702029 8859.346509630615 5294.190446516161 7716.951243388006 1827.8257841344946 713.3713407939779 9311.47469122372 9300.19678898183 5202.7743649980075 4639.563108009182 3252.697545648395 1372.9484335185994 1939.8097629280087 6852.6379155949335
9349.313062745907 1664.695560825159 3357.428703456612 9815.351323886009 3257.707548293265 7596.979268553561 5930.013183401552 9608.187028018037 6158.688842762157 8294.123162685859 1763.5974686712707 723.2976677355351 2482.287770443122 8057.675119087594 9855.793712873776 641.3973219429581 9203.006473610581 5074.39299394854 4753.9507197742805 700.7028314107744
3441.652816837828 7184.253003637855 172.8871636916096 4229.906226301199 8713.428304525245 9904.098811720123 3893.3044160191653 7692.556159779818 6577.937445276618 584.1883661050983 6834.2491755279725 5678.111950338738 9675.31927162706 6569.037202769473 3577.7669843170133 5975.330028165252 4173.702558787029 4540.600678147179 3821.145356733375 6676.527062216866
4506.708378665645 2840.9711911835357 4241.9172224397735 3286.659017339282 945.7422395454118 8503.41315399932 8083.058292236903 149.04729473173893 1030.3273859466856 5964.699789673742 5400.577419158322 7149.964642755098 9170.748450813968 4988.347753516868 362.9673457695959 9627.199110174472 4840.794602712922 1197.4978926844992 3251.7430766385737 6683.089114156985
8694.399607155325 3797.822497922023 3884.5688443418526 690.4255702929929 7668.499347535953 1564.9837941511314 67.23259482279143 8680.000744894856 4675.434780090191 9977.808176210914 9377.99667056722 4511.475757011029 5841.754450446299 9497.481484773893 5097.619867741334 9254.632326417324 8416.274598558484 7424.710796150272 7420.606156898392 6045.958705475714
5448.779141387283 3510.9391094747534 9218.01024575553 4835.917247937393 9131.754560157187 2556.3406576161506 1569.3839150710132 1905.1258284905214 3301.070236482805 5596.463959875251 8041.225421380128 8803.082218053245 7007.529055800546 4961.030453396275 8261.547314384956 5450.941974341155 5299.731789814199 7482.539480281406 724.9564260873298 2550.2633799750074
399.7118982816095 4438.966031923255 1959.8927403457933 9152.509916634936 6306.316130307242 6433.985183554666 4199.449774200201 2269.50490065738 2527.3147121187967 6349.790811449903 6519.459253022588 6742.910280806473 8119.750102209004 3751.7217516052115 5042.288399969065 5241.204813832222 5509.044430312358 9680.54755463978 6252.067745220161 215.5176080908583
4660.896523029165 1637.404675578167 3726.8286241425617 1921.0686128513232 2096.0259492601385 4748.019461659617 2665.297674967829 9198.858212401643 5966.325496989371 6586.988486951652 8470.859340981167 2612.635000804422 7952.008281731112 9949.53332217128 5352.466315300138 2749.0686682696696 5092.847460500389 9977.283966041743 8412.039968159044 14.434666351715864
9832.61854551254 9476.286609804129 8010.169839116782 6099.021255832297 4534.379393960978 9009.571794743579 8336.686703263318 1430.8464182301238 7515.227715564682 6403.261632034451 3059.95155462625 7403.175275534904 1252.7000252059606 3674.332581312081 9688.463256807596 6935.710578297071 9830.987485409918 8069.790481697991 850.658769828766 2017.220186005153
1923.6597219503449 7901.160523807637 5083.542699742413 2277.7653816813636 7650.604326258559 3164.8289111732274 1918.048758665676 4351.568807209657 2500.4073805621088 5557.91669120251 6058.80114023358 7816.96620939914 9175.40956805758 2431.0077183388403 3278.2110442379176 9837.767957963855 8695.196655749209 4463.190753395226 6279.6063659182 7280.75064528961
5385.291218435527 7401.519243802357 2231.3628209362246 2046.886036503428 6481.332869917979 4076.1295978203084 4933.763283996487 2629.3132804479137 5995.047759340132 4083.903470684085 3652.585699461166 2498.9390272293867 4216.824362398769 5027.696523000008 7538.17951888652 3818.951841399514 8770.727923708364 1004.7973614236272 9246.06037305828 3202.4212223635195
491.30133092952445 1157.4247366376123 3884.8130743058773 4752.54551045538 7557.517958564132 3529.7060369344003 9739.367314440595 4463.0002789811815 4297.762423820305 7219.725048802878 5352.464748955053 9206.232453416238 6870.739110284696 8871.86412643923 3494.4124114037436 3000.4383553039283 6630.713699811341 7923.812456384647 6310.977138160776 3021.342878210961
3401.5185520645095 8704.24343462085 7511.540360693792 7912.805875758952 5112.261331634718 6471.31381904119 6844.404922310895 1350.6553101896357 7288.6949246956365 8788.774136833275 9303.400763103247 4527.046315926555 5747.721850728435 3255.617374015599 6519.715517724143 2248.036803498945 8508.522232234118 7536.8409389201315 615.1260885708621 8674.954906098108
8412.309744491 7887.029940831276 1427.586653431575 390.5282922552611 6233.7342322468885 7915.114930380764 6467.386379754911 6433.637616686981 5170.468662216892 207.79965750841623 9221.857937856246 7221.939898762426 1513.5306035170427 9610.785026121803 5498.882619570374 6869.508332325902 3029.4046254907425 8461.072259984887 9384.20588459436 6307.016284902531
6126.049936628464 870.2515881801776 84.84012938683283 7824.888715248055 5228.38831874446 5277.838075830156 8440.598343697326 5185.236640429246 2954.8900107437657 1925.3448560565544 7208.066978115525 7286.273507662782 7665.383887179628 4645.93603030215 2356.0949019315944 7513.311554960384 5741.237794293335 4421.129808469685 3559.136459202412 5373.322718985158
9562.571094242001 5525.175635631756 834.5547863510893 1785.4366735334781 8563.172836639105 3759.3600106648596 842.2598823543992 4487.645608298655 9972.321022565278 272.6396108004026 749.8133957352926 5420.370076386841 7893.706413925017 3771.64482680178 9763.409109544582 7660.434555148931 4225.188519786441 8542.2290712709 8434.891750942643 5504.391122161488
2589.117786497822 5636.389049782131 3677.253070466905 7638.016783785967 6921.483137771779 9822.514755500804 3055.8008082961364 9979.208067715437 9659.151048697297 5453.571339698961 5369.469996666087 1744.3801713074436 567.9830332546054 276.95749429724634 5796.5029153940595 5563.871533193534 6170.634896974948 7391.421044808779 2950.9987899493485 59.743712523833146
1461.3508217089388 2050.5574410347194 2081.5921299452875 1199.7620941197474 136.0882755996906 1819.0562944355936 3340.7898486954546 6954.225668248391 6919.818758186614 5706.997876498007 6563.258437736945 8307.710335753825 5738.872363264403 339.1491216896958 4313.621822405681 8515.68049137318 464.7002252853172 8960.34392593561 3099.0949826306137 1646.31206354379
746.4549145898769 2134.674023405315 8589.541712385773 910.7610592071935 4053.295274504032 7365.359692405852 4447.314015247156 7060.505275060628 6463.346004229778 8543.80787584829 5941.4948634092925 7218.272165537116 8964.748616763734 5130.506453681019 8905.930896753765 4909.46480721831 3075.26887789313 5277.043052521741 1797.7066600940173 2773.8757496944754
9440.42460460015 6717.683117111724 3622.4823859539333 462.8844679151567 5736.130843946621 4190.571306313843 3315.375394790181 1565.2116554213646 5680.361699625716 2392.773442362012 6800.837577518471 5054.702193370652 9249.351576919726 9030.00793641372 6402.243112601233 8716.495961440414 5297.368509076009 3391.0604068535054 3531.6674960408777 4283.336326660183
1695.1162252665563 2058.5141747685752 9662.604570888168 6601.6589628876545 4830.323661520341 4861.5718513001075 2473.1340234351574 2047.4914644482467 9855.113749445462 983.3806814913282 3744.3165740239247 4625.085963101049 5418.2415310459655 7254.418897758627 3108.3608115981087 1706.5993597193751 1786.321847700022 8095.136864020266 7063.3710244985705 5209.023029429111
9236.669432756882 9315.190905047823 5806.249167534189 8154.956233233784 4395.4038874914395 6033.246152725117 1382.594025647581 1026.7105000233967 5797.97330700769 8350.466889339312 9412.200892312707 7098.616989617963 6365.27748633245 7092.4511281971945 3221.0340045748885 1020.3060227502248 9717.080420939892 5928.509782476037 3595.3112845728783 324.1129807294585
9285.419191397283 5483.83004852835 9570.599625921086 5242.660583737693 4044.235732212066 9679.201593176595 5678.59421544068 8248.052545607357 2337.46572122163 4464.628746322173 8896.512029670406 1062.0096792223565 5766.340816020363 4357.286961268206 4178.80136798595 3536.667169851616 8387.677634477503 2750.9287731899335 898.1328341990835 5768.641523589713
2578.431329748464 7832.980860426652 3782.40015578688 2084.3683797014246 1837.8241755033741 7127.214196852765 1006.7311711600369 3122.6051178251214 2526.859457651892 174.01203738527383 8984.268762945876 140.3738178131875 1086.054491022249 666.9023244451499 8096.7500758194 3881.5228279841162 625.7443879673385 6483.155335388169 6115.6767689316 8872.46769051412
949.3152343267398 8477.89695734511 6387.138256154628 2847.564262928467 9048.249888777133 6655.3211370883855 5988.107937946061 156.9590254210418 2898.880272904443 5387.229376620326 5009.3071918007045 7472.651986895591 9994.255238769176 7718.264685915249 1879.490879476745 9883.896596206865 3460.5528883117477 2478.8490171768653 1218.2754883348468 5560.95384449095
2835.978057681817 6920.972866781348 89.39974766807413 7566.606114072723 3631.101639415163 1898.6250808920713 5723.566472956499 2107.729676956185 9643.116261149466 6233.796495065537 2789.7880784690055 3544.611746457902 4662.496312778606 1840.6236545214495 1116.4171572569148 7813.592646226456 5689.0674612210005 1424.388004422492 5397.814132394931 7569.002123621671
8065.5035666938065 6128.721061120461 6869.864329617726 4313.247506705934 4039.7904295635813 1373.5063983732487 3197.3282179355 5059.3077365065765 184.2037007432795 5307.616446149179 6888.269553717253 3657.7704371174314 5826.870744419997 5794.752858000155 4435.575073534282 9820.94727881409 4192.996129514244 8657.307828773559 8082.842949725288 2089.488823547414
306.35292865219486 2022.3013293922686 9621.681857677711 4512.309166149904 4867.648957382652 9045.089776653904 949.7332716122042 648.5294058385005 1304.9015724681424 4030.6820442407975 9253.48892283857 2650.5288399078186 3981.9620956308922 5029.140585518771 5627.242592531155 7650.091315805514 9154.854567728533 9350.685649991867 4699.288334875965 8445.024139941805
6681.601330475049 7127.7583884135975 9408.728417833448 571.5096627123928 9719.72982984341 2045.4464244968628 9461.033646630607 3247.854047560952 1686.6679403879114 7668.306997870722 4187.758913750672 7388.172974514364 4611.748708661009 2410.76949485282 545.5788092657455 9909.95913408917 674.567008240683 6129.939474057773 4812.080420519137 9897.3541153324
9202.938879969204 6563.763143076304 2170.5138279119165 8832.349240041787 4694.735971911526 4394.156124331773 1822.9607773118605 4069.019999321113 7531.379099448022 1583.8394046697147 6531.158546938745 2001.2994768757098 7966.794249203912 8817.263213622382 4556.47142754975 4962.679348868102 5704.146152001986 4370.146203391857 8855.27345423262 3796.618511743376
1913.6813666815888 8538.792443832914 3083.270863381725 6249.336424989103 7898.531668222971 4879.491471576855 6472.055371808651 9862.049258631694 4781.3395853857355 1939.9469601418773 9963.450962295155 6877.606178060839 1563.0847450698082 6908.822871842299 4121.975655537002 7826.866904891662 4696.509421616608 5666.130738644068 5293.009743221796 9923.058672250141
920.0487130675527 2086.3273693268156 234.0276537249053 6167.735067092125 6514.197110483283 3127.6316580680864 1018.5120205947907 1159.854415763114 370.7497007461946 5235.209129397324 1396.9417178867393 9999.884483662723 5306.3765244451215 1892.51280032932 2996.5017072393885 7393.729882105231 1905.5042210346462 1774.2125976693824 4750.9356330305445 5086.672728579491
1843.4910765537084 1885.7808670449883 1774.2271700470858 7095.400144388374 3119.604100882016 318.9500568447434 526.5552590204625 3856.5941964355598 7920.313426753085 8808.8893115083 5568.242718763605 8373.438131393093 4936.9433711188285 6148.097462471508 9457.176752116395 9716.794894342713 1877.7297875457389 9693.642316533516 1417.4487494275213 1825.6939256492476
642.8501316959456 3698.5218009386867 2291.7261268258094 8452.161812546869 7172.009851131833 4.560719441846217 2987.132356191227 8308.316965004557 327.68361347131014 8753.400121026054 1134.1810451638835 7999.043271848402 9343.122652324017 4203.771320734188 6000.5713055901015 4161.44300332229 7342.761314327417 3487.39594101274 4836.4191616246 382.668008053626
9233.664530245904 4192.483881470299 4774.765943706375 8930.60876628346 5870.178144423158 32.95221408993632 3170.970683895805 2107.321254193476 2809.959279599155 2543.117618429457 5836.8558953232705 3122.9557854056843 1208.077615485592 731.766479575372 7010.244320498231 1788.3432710557367 436.89389779241304 9936.13874535734 7097.791862462986 6037.289102968917
6872.942447869063 5735.507755203949 4238.7816676782795 6315.010896446859 958.0518813621964 8715.674073123877 3559.8173697473303 6207.0480841292765 5120.4624696188985 1119.8399784283397 3625.1097282752266 9333.365552072923 8432.706807426739 6977.959162358732 3034.3290503410426 9495.256593533099 9986.543381470994 3175.813116625873 1379.747732479708 8338.050588135773
1881.239271189954 106.68850008077379 7846.673970701104 2380.512827450465 4450.023128215404 7042.686530628055 7625.936239570633 9162.21954188878 890.5389466610536 9169.325374324342 1004.4483410611049 473.08151388620433 5818.649839106291 346.24176266138227 2509.6467022041415 9154.577519695938 2430.954022043139 8088.437204645104 7805.8599096701255 4800.1515284024135
5939.893814693428 5006.655517097651 4175.436119580462 2832.619737530384 6736.351937624648 4002.1185473624932 6364.716078035175 899.3200734885709 5338.1468522053165 2879.9878444340643 3334.7101019629376 6301.1295039618635 2598.851665970211 7727.561349439612 3028.600109692461 8259.36848087007 2879.879375202383 3397.352050070405 1652.9532359279754 9224.99498670342
4929.793175878376 3741.8396617466165 1166.799630424905 147.38892194607 5068.311565356751 3865.826777227398 3682.494319651155 5645.412634702321 9938.502606269174 1593.966373951673 4304.546588701533 6361.327607288166 1569.1642682112395 5595.175966009677 4567.3651340908345 7428.535330246753 5780.419462021251 3162.288809256495 7080.136078005804 3947.0039839081514
6069.052650802472 1514.43423223103 8246.81532748546 6635.629343277216 9026.14636957832 2671.2826038656976 1.479390032385064 3418.671734743822 4068.0814539607713 3442.42523065051 3384.0493060891217 5603.802856239942 9802.98286146725 8881.807952692147 6478.6630962620175 522.1805675304603 1708.2107031303906 9676.271067777712 6746.743908765477 6026.369014084153
960.509315482988 1368.8902538907532 3109.067664248817 6079.804373989501 2238.9454306105395 6061.959211308719 6265.910746707766 821.9033620140515 9111.778419863327 5301.086626019694 6691.6133083103305 8955.796311123966 9221.922519891703 6211.027271030992 8499.666381747627 5081.062574405089 7901.682599888683 1635.5045772524368 3946.6950001107457 9681.733926860563
8075.947256412218 9027.426659334882 7728.471765828877 4880.221729792194 6354.054404700865 2142.529159538923 2418.3680058341083 4780.716893484799 64.04815055545909 4208.631839163561 6408.404934672734 5250.997854903361 7649.065682072796 1174.3263027496432 3535.3463969785535 4329.479800556748 5324.111632415096 8885.054304893863 9209.026068530753 1094.7185572682095
6182.486637742505 8591.18424963637 1307.37821114839 7797.483241306085 4044.657361039179 1061.823459125697 5362.402414824804 7330.898626497543 3258.3691914330116 759.7516224291489 2633.5584432763712 5702.043036490802 7387.317759337255 8027.000012877635 6549.852111064527 7068.790352803452 4266.713118468241 9037.23948082718 7699.143767170384 7118.563735444664
2257.5837839599744 390.28235853279415 52.968814906183546 9091.06530195538 2697.6830398910747 7655.646870778633 1437.4305403459164 5584.936610826855 6525.381062876035 4916.2665511436335 9395.493108783285 8438.69292271268 8843.932887348503 5420.074169068989 9533.258129393407 8439.165232060801 3797.0363982991607 1816.327574502935 7202.589680246471 6386.0788668296955
3542.6052350977698 8135.184989711691 4944.70112049859 7129.2806966207945 9340.198693184175 4663.178876805122 7504.095723902392 8595.524001831307 9808.565627171334 1173.8793925387192 3419.5129739055665 8534.609678659217 1263.2770556596406 3592.1753936135747 7208.298746525198 2740.06707116083 7710.433704119082 4102.2440028622805 8982.882824295579 9837.458342708434
3550.9566378432964 4953.423375951607 8972.813617072929 9383.773099485265 340.9761002430178 1774.8358966465817 2873.0677623538136 1984.2720782005263 57.358465180620264 3078.758143413446 199.1114552469908 2408.53250941655 1233.4209040861188 8814.368914798883 1901.4643111539408 9275.336412218907 1058.4001619682415 2327.650919444474 5377.273106053411 7776.429396649345
6075.258727596345 6889.858739478171 4713.680017022426 5122.08032282369 6464.92643690577 76.1102645296674 1507.5213586259972 1916.7447493378243 4071.090698268174 6707.295470536481 6928.170582145852 6511.045000684893 2298.1660108203396 3812.639934991722 8825.100111915943 3526.6553683920333 6806.086855060709 9126.901003566638 8628.999509775567 2213.579057847883
9529.08273282032 8005.312201132676 1555.0593393737488 5074.692560882729 4961.61772108632 2321.036445898601 189.2894890890151 2280.324199940654 6883.177790539936 8904.024785414047 5923.511000489995 2796.0206926829965 5734.621714305019 4386.821863907175 4901.923310125898 8859.554372304112 1712.311729306748 7941.998889787344 5151.915719896278 6468.601088145895
6312.269157561749 3327.5305432352097 9394.057649899894 878.4284475472203 5535.1029623762415 6900.5843122016295 3660.965605410279 2759.300841405777 1253.4875608585617 8816.818043638325 5302.014747167249 7626.222221723009 3347.4693263971744 501.43143107994723 5210.623547266941 8429.010611492207 4128.909309727883 2659.8542650255154 8183.110464075544 8778.59777497054
8304.873313059645 4590.094791192597 2202.8822092513 2185.8353616866966 6270.805464023381 7365.414112535955 2140.984571737866 901.9790185568843 5877.833731293364 575.1297833526314 5873.80566167819 6475.416229352503 7984.566577477206 4742.995349755346 1140.994365658884 2977.088280414534 4082.267038671369 9286.743947611867 9601.415451324061 2997.4512864638027
73.29342277623164 8939.019898464374 492.2337972735391 5980.714166718619 8886.21968077632 9919.068341190517 55.98353671546818 8237.473302558687 6027.062481313831 826.1891856794313 4472.741835228082 4064.7666691864615 6394.554602678806 2220.1077441039265 3419.296491582673 7802.948768569424 7728.42468652722 3160.046741640079 8574.460529030635 7371.686104859316
5913.154537883518 2593.434771190467 6399.449307063614 852.7621792130924 25.70369558723362 8416.818425985992 7344.508053322916 9025.267147961067 494.20516438690277 7275.690463300185 4267.736399216335 8409.1458835883 2025.6528489028324 3726.588179643656 1299.3272799061263 1335.959846727962 4064.1172314292685 8253.950838412826 644.198971988964 1841.117490004367
5457.036868689758 9815.873495683662 8888.271206964911 8759.7108964609 6735.657228590082 87.02681832219005 6258.391201304776 308.49116965894655 2956.6967855134085 3373.6626044881677 1983.192721662357 7649.407583235004 2405.8393678159327 8294.754999998706 6411.93012735844 8455.519406266629 1629.6649636191974 4754.976895937164 5870.594139591259 5337.986849954131
5241.15135575631 2479.3458677033 9369.389262089402 8143.234590992546 9734.888490443074 5436.018562296316 7222.905561876543 3592.2716756676164 4151.668589641835 9842.849075632812 404.09968134145214 509.54648825289553 6848.126832539965 2134.970039253066 6025.449505070869 3976.597443354353 6855.624560214314 7264.798895397182 8725.421961435623 7146.162662056392
353.584034979586 7012.502472068969 9935.65898199309 5165.290561597273 7635.995745727755 2604.1053440673 7014.047290741694 1681.3924333027508 3615.839056767406 5866.0614979284765 2051.106414145837 4743.063728986904 5390.668258989061 8389.248052123476 5791.897150945721 5557.896018788364 3683.6368290201926 8731.987943981154 5562.910777379328 532.3858598460985
1077.7432648588315 3560.8393556189053 7353.177290895619 4294.444414224273 8877.100871739092 9809.538826431119 1271.0810319898712 8986.895604968788 6157.548355675214 1430.6191108118992 6483.153227053897 3020.74876629018 9109.933110647728 6120.869751943594 6438.36316441441 689.9137292500445 6132.915701817312 4520.941084564551 7691.20664422403 2574.424572512154
4298.160016304736 6821.042393088791 5959.147923134073 5497.123652429306 5789.287384842745 9448.816026464798 1184.7380679344221 9949.151614656184 8706.98988739434 7572.118064587224 9320.006650453886 2362.477277469237 5236.214616374566 7518.571946521819 2310.474511594215 9383.093250791677 1587.3430081076135 6895.401742628918 9328.414900474845 1386.3926560772088
8351.809685550183 9187.197076920738 1689.7488854151777 2876.636046222848 6953.616148756738 3915.896734466775 1086.2262530364485 8125.302478537077 7731.714432481062 3066.4228379369306 5774.311434835877 1428.5147840524448 7854.246939331041 9413.034862097164 2184.460707811723 2701.618968782724 2744.1492314364777 2625.615639257175 49.23485454174647 779.3821219421948
2986.6356363293858 4591.742888768642 7595.969248768955 8753.175438479744 9792.601140299466 6259.5349113137345 9609.47669857853 7951.887265282157 6007.993165338958 4487.9087855332255 5242.5347163512115 9761.209261482903 6387.719148815979 8885.0219510477 4336.6628933210695 7376.327915222395 393.6718421079477 5422.309982191364 712.9767615697547 2795.9445107789625
3129.9731705286104 5730.682713654701 8402.652173998838 7890.93263471594 5194.545344902195 8417.064890165067 2108.8182626476437 2218.8426700670016 204.64463641010178 1483.626229002919 6326.4456240692 4405.842435880659 9544.997842666146 2988.673045400052 8494.077327625111 8380.580630661307 7490.70600564026 457.32035866617224 311.0030007849329 519.8501474392814
6273.087734191123 8231.703594209343 7925.750086672625 8853.815221654828 9885.157722093722 5944.628136883938 6086.530398776066 878.9601815633097 7464.445381270616 607.1960545489441 3541.542064529749 2239.8054794630216 1944.377920325463 9420.089466129144 6986.798178277717 4565.833442861988 7331.4679813655885 349.8347892715481 8681.41385835632 7087.945720704201
8444.055123255015 2755.5046305672213 8485.054082353008 3309.1781361968688 239.3780408111168 907.9620924243337 4519.503754291472 967.2783148562191 9959.258862807244 9112.890135034324 7916.095312620149 802.1486083599605 4240.700472954449 8330.488568422057 6182.9871220483265 7229.045702650713 5066.217497135206 678.8622152311241 6611.057111757979 1918.8164820688824
2969.728433040334 14.766673736914537 5834.437828543109 9499.345713767381 3267.36135943256 3904.5145779523773 4171.487210234482 3117.775099729915 1248.5344788556363 4729.489006662852 3694.2535215432713 6440.950698364965 5241.193433909499 5414.852050042146 7109.261524864197 7821.940268823655 2256.0947102574514 8326.672073895163 479.7056284908052 1823.3559416217292
9518.554858153824 4251.841852017505 6578.91024312166 3063.6097419745024 6612.08284912581 2056.790919279159 7237.178380176955 7440.115417130526 7186.842306550494 8615.146186707396 2428.911394450283 6183.844498064484 6226.901987370969 2901.1252689629664 1044.1597160812555 8912.533552070885 8723.742095289685 7764.59748632039 3298.517093686103 2875.2326928307016
8269.51327421636 7835.379225546938 7557.5445812549915 6918.769048346457 9562.044247618587 2248.4785926777395 4986.675592806131 357.1013569637016 7104.62502355627 6438.638667237632 3884.8141421142977 8887.418016999936 3487.097262047648 8121.673311844788 1819.6094832432896 1972.2357415705428 4550.804418335743 8761.728757127874 7754.653889714542 8694.635822855058
5468.468088765189 3317.74522205458 8243.61355750673 1994.1704204443965 1311.074771211138 7869.0317698031295 1463.5733383073757 4403.863332075874 8027.367386418849 6839.011442755444 369.63587609917136 1934.1143586844566 4927.560890967871 8967.830397110536 1575.0876800488845 6587.215842005811 7741.404937046806 3928.670361263452 9696.20249373201 2136.571002369921
2111.744992413126 9539.237559854671 7848.02686037503 2267.6018015870336 988.2364089043372 2889.0493542993167 3737.2500613820757 4952.719994674385 5801.894134598127 7384.775726588061 7370.532360407023 2020.6298252400202 529.6634392422284 1710.0323204544654 781.4280247895067 8280.616432223804 9799.224679825835 6002.668628905621 2376.3051392460457 275.36939487035283
7037.75143053223 5171.729112058137 8509.432624283856 761.2773218224067 6334.363491699923 9207.906660777511 2719.6665871419077 1353.0256155277732 2164.526212632232 5585.45376054183 8695.936726217875 2419.711970913575 4415.669949060597 9410.149223858645 6485.997208993728 6282.593046855466 2256.811356683146 2837.0671017678073 2722.6752322044954 7039.962321115579
9310.980654731493 6463.527168954446 4714.110940359532 7932.547709255935 4317.77079500302 1896.7537501560305 5129.251959081602 5063.2143540417555 6014.339947347727 6502.4064349127475 8707.132870170899 4497.642510428845 8316.717862218138 8459.288208512382 4928.227512282721 8298.043225983725 2049.277275625474 2677.17640765046 908.4395389282429 3879.8682459452316
2448.7520591353796 5878.86162701445 6911.051735858193 231.85452726594335 7460.19551191863 2204.125665206802 2819.2251907303034 4002.641470705758 445.789646484559 9062.521241542936 7671.405104702361 8232.584695379226 2343.4329780564613 6643.465874816916 5934.255904628273 6597.2823635228715 2540.5466133202035 3486.295122402039 3572.5080973772037 6429.722456160888
4769.55901347686 4819.568966589277 4172.376548280049 4500.845148273249 4185.03886061282 9998.057169343285 384.9629895937135 563.713502565264 4448.46876437555 297.477828240027 8778.329126633756 5004.364119354598 9125.161199557113 8571.198948965934 6821.691204560777 8592.813489041928 9988.837992461322 7829.754527880609 9172.448139168313 4290.576568294469
5932.909036551749 6673.169792413487 6696.527456513245 3346.447304234431 103.50052729962367 5687.727277887277 5724.794126123353 500.18588276259266 9597.802034698154 412.94720458529 6933.033749123102 6014.14037056911 1612.3110234797 3291.199774319823 2930.289154601178 5465.727679456295 2279.076976534171 9131.500120369867 1150.0945396112284 1759.0853723706489
9594.05601911667 6050.685093493601 3961.4135623278626 7652.100081442157 9820.207553228176 6599.308176706012 1050.8588869785085 1245.4032320339793 7538.975286371461 1836.2262155502428 75.03165876390882 1342.8225660453886 3127.316740327544 4485.000355542209 341.58769142412336 4368.163300511123 7853.454905878077 5986.86558014857 849.9027956251681 9611.08382331781
6013.043583106377 6259.171025599739 8406.971619852327 4975.225828473508 5568.457408522372 4274.827308743018 3731.446028045031 1114.642827658524 3607.425506752242 2197.443667050023 3468.4805812504073 7869.967437577421 603.2491498631198 5738.4739770304395 3860.3167900953927 3253.6451272400845 7937.360582140025 8646.835464134183 7452.309825298462 1883.95288171054
6435.986907878275 9798.098666306176 7661.359708078052 6730.415350064576 9776.211681996521 7219.494316434042 7293.480324244046 5308.615233257538 5532.7294572626615 4568.619020187641 6169.50022213499 9050.29202912175 8365.113754454203 2077.863763502559 9902.661268117148 2475.0090508613907 4386.431715117455 5783.230533673426 6569.137425955664 7002.562839747218
3107.548160454576 5975.341636615838 522.2740469520614 2770.695161945486 3517.490116984077 8242.086471548431 2923.5995285310514 660.5653830773128 3838.7459725517692 8216.495457441135 6698.440409191029 5882.822585048677 287.3957004758354 4200.063207724956 9571.225763342878 3940.0168986109106 8771.48366003616 200.89451142429436 2595.338714790372 9556.47062108091
4877.060500721853 5607.675625815424 3164.637117513275 9254.631557769671 1719.8319403416108 6714.624074382665 878.5291095588454 8657.309262476778 2281.3802168817297 9619.204427264736 1829.757694646511 6308.093415332748 2702.421147150249 3633.5410495546816 1893.8120607895503 6827.646239266849 5671.594507114573 9282.097826669542 2421.1496054287018 7561.440913922647
8526.786502861638 5202.337313155984 2368.1796651048535 4524.919521596396 8977.006753673726 3821.710002153056 9350.222827188103 5414.931241935663 2456.3549322067 6553.468908106215 8359.426776278855 9731.696817683023 9037.627561237252 5435.438854928541 962.8862792431614 8643.44483593616 4561.634494993273 9630.01820354021 9680.979352300066 126.24945491046758
179.30286157007868 2010.3259674607154 1943.196563351931 8124.491249856528 6857.172768629412 3176.5479793315953 5528.507143944678 8002.757191161143 6562.891409168431 7678.18123985238 2719.5726277467847 4397.880034783374 9825.842650708128 9962.010604434789 3534.8792417101604 1730.2120146369004 159.04993327930163 5622.293976278461 9350.1346667132 2096.120459374965
9432.019751631313 6898.777303243701 6980.028336780841 39.077404764769064 4700.194679753288 49.79282658895134 9863.733502539751 8784.610510940845 6225.215435491962 6221.845537872519 7382.284075520402 7924.772677059123 8461.194255362258 6743.719409640977 5533.228985315531 8250.677591618334 635.7242402686192 8392.292406283315 2197.737712378439 5457.037915961505
1220.364221673751 4108.873776650548 8057.582390803416 780.536043542569 1063.8523432543768 9889.030817567145 9854.204624687873 3284.246510826371 3252.319468700616 9125.500340920315 6129.326045731211 5463.22026666035 3864.286622338208 1552.9365678207907 6846.339071130781 1121.727877125569 6704.250121552059 5124.869079472626 7363.969125758751 2060.559829683134
6827.167775311299 5647.403450454881 4118.4740903429465 8013.158064814028 2207.1831942864783 800.8220485545158 4067.9072513055758 2482.255710358451 257.43069860068914 2299.3943008580786 2461.738909777881 5654.087466946233 6073.791646372929 2371.342030200694 3821.3928148405075 4405.12190488674 2253.9734269344603 8485.044289689225 9152.024898655523 8566.663255980162
5934.314173548698 3304.2101480714846 8353.133441300291 2075.5544483892995 7290.217611823397 5223.886376378902 555.35608590085 7414.6103219343895 5162.147462985622 8520.810685362118 6683.076930848994 1834.2918627369286 9697.623553996908 1145.7544175484147 7927.230135996952 4247.5349708518 8940.674170046828 2492.1498684945154 1009.9500111394566 2402.5252738488603
6153.721650091002 3094.4295950967203 6132.4925836862085 963.6104638698173 7322.8875269826785 3141.1472219169946 6320.106491573713 2468.4267596257146 3776.222449162282 6932.09497188907 7512.30493053186 4779.710368984151 3135.37934262046 5965.265587170788 7194.25564849656 613.1527550157679 2924.769339994099 4208.655420641795 5624.768882732969 6998.050072404643
5078.246864472764 5293.538784077819 7788.626657336564 5115.389361744728 6311.894351135292 2859.9897455937653 6085.772772128912 3858.4002609218537 8872.487721010712 2092.0633797376754 3467.133716646832 3673.4985498766814 8524.740861120268 2599.195297297012 4236.618639990295 764.9317536075062 1806.4425133462935 232.01182955467803 5061.106397239131 5584.3308321377
2559.116010490787 8164.888994390602 1864.9937158524322 3676.761529237682 8532.846003925495 5634.236361709418 9233.144720463042 1417.7640687220294 2467.4335583302 6090.625425219268 7705.849911888905 3951.251206629073 8468.053847551293 5204.518410604063 921.6626792598914 7726.034058018164 3722.111986587249 3159.497060748003 8948.75350045942 5429.132518142923
7645.001267484025 4973.532598166776 6342.683356827638 6826.915751410844 5395.988371382754 7207.975388988959 3478.265391579808 5050.513045203748 371.4635276646383 9355.584613398712 7525.447195858073 4199.821269136915 761.3117069892251 3443.0612061415 5073.917232686451 790.8299760591219 8545.173039186408 5940.184910997375 1858.3962006534994 8533.873778868558
5408.878213333463 1936.7987768424512 6296.346057122943 3205.8111895978823 8977.362132496746 2730.523167375236 2622.096593659691 1967.0225944378926 4488.869705008999 4462.224557418966 6286.144880611654 9374.508966761485 1576.289388192783 7242.903701273866 8985.662783228147 555.2611640797122 3174.9598623284105 1334.8064611397658 3201.9996462360214 529.4674960109646
3742.3152051310003 9381.205977728614 6443.24449359217 7511.008313717362 6953.24836481527 1423.4401125262375 3524.6682035626995 7163.085227553321 8826.085914324965 2500.431967206013 1167.1395413407358 4249.7185124878015 837.5873551367397 995.0624655616813 2953.3677736216714 7899.237638632336 9001.392638892099 9573.40172195413 4254.0962700430855 6783.782345594776
9112.86220553334 9556.947519226671 6121.1318752856705 919.2201979889236 5404.264730064105 3874.6631882189617 4341.36522158155 7502.778118808738 9707.788149020455 3360.7426425536637 4855.69876892448 9231.075676185728 889.8604777491659 6095.674114594237 9569.06606750233 4879.139877521746 9798.78661006326 9732.313744401707 7212.4958946483375 3571.368048592647
3258.719172491468 2305.3218516402885 2365.4294534475075 6138.302392146971 1746.5022754589831 7891.454894417933 2006.28064738245 9228.463635955133 9303.935205659376 9669.843447893534 3031.477321286445 432.3862321026917 966.5263047501427 4425.533387101526 6068.001295534628 5576.385976172876 2530.8183592136456 9346.205206385494 601.7042677362805 2556.4847467690543
9835.883368141362 4081.1226516871957 3953.4393540735014 9608.301868461072 9900.600897381182 8463.010290774771 1957.32313156061 9746.618087314275 4236.84962487695 9037.6951173509 2330.1978893315754 7258.70620110897 5449.755984114754 5602.9892983800055 2668.6362505490315 6598.411989959238 1839.662086766718 2327.43093822779 3769.5959487635155 8803.363227525306
1136.4884111932272 6701.142910757826 5543.09341969823 5645.568913268737 3725.6817859513703 3565.2074606818874 7170.034114514554 7126.070933209865 7765.960596220778 772.5959349564126 5355.6040267675535 3637.190218613816 3452.573352263358 7652.834054496778 4538.389809407475 141.3086170323663 1345.8172940712398 7384.224917048724 737.6600007872503 6053.014527701845
163.06394081517905 9621.588771270786 6356.010408941124 1161.8302316385575 2723.5689262980322 284.12348395335687 6701.835932105186 4895.632510940707 4838.844189676789 1277.1271886329416 255.86122328697502 3500.26666110279 857.4001758054573 4102.967371629713 3778.2273953927815 7298.74286800474 1301.1721366173733 7810.819083999342 237.39439121993166 8093.800598234061
2571.9614416218237 3541.3393468477216 2239.3904814347275 4990.5096798629465 6059.7452334647305 5041.579347678514 6145.699400754394 5440.973250847033 4150.710173599243 6957.082313612277 2390.3448357218995 7151.085670119739 3611.400120458812 452.254814015679 5641.498670718551 5639.688849085035 2616.360948479215 8766.734925483983 4400.201347026889 1703.3629705390385
6290.204628600421 3684.628875530308 3388.5504726598747 2815.476704647196 7051.009444503742 7575.120304556349 3651.98088180092 2576.0130228755406 270.50442908643555 4657.106229289181 4685.0210626928265 2729.0761234544434 2807.491932725884 9447.143752952954 87.18155678704042 2977.879968598829 1824.4847000132302 9969.142079160909 3265.3897182920746 4852.4031030426795
3963.5416424033897 8235.867598913135 2521.660722170964 7222.789084128301 435.81228417770234 756.4758335141375 5499.447879089989 2701.965084793311 1870.3054812744836 7380.920776963208 1409.393096472169 6143.832154473008 7870.91967673306 7661.233845522835 5714.955416129453 8718.784256911396 146.78567184907342 91.30867653864505 6030.665786572772 3636.1929075163102
4809.491026616551 1080.9619061931141 9870.518283368781 2483.8905373609787 8971.763600532591 7326.685999454774 4581.2772220222605 4367.575668438138 9135.717674488178 7360.65136672275 7305.245285977602 3558.450618626504 4024.773793476982 5491.150635505015 8139.296192161418 5195.298493869593 2491.880803394402 4091.821760976211 2791.753211109459 2737.5911487718895
7927.687625656039 8253.629417717122 1985.9489837789968 5329.114168790144 4195.824925099725 182.71955785542414 3619.075895021622 8006.9832502299905 4538.46983418222 9408.90832762255 257.1950546754442 2778.8204002679195 4123.889240537541 8863.699863156815 8932.045354640799 3991.244588148869 8948.669603030517 6193.378384598485 2402.5518647724166 7125.7243046868925
8660.850986074194 4291.849434096137 1053.7037611948563 6183.230287546962 8536.211450854877 4969.5538874569775 2427.7356331358933 1157.0196168350433 6318.450560752417 4918.916261469692 1017.3114782828285 3743.2649622958293 2925.0443363014833 3693.4279093471823 4397.676630894898 6402.143729154049 2124.0579851319385 9286.60832946443 3034.5101655207473 7157.386633641921
3203.215032068264 8078.728345161926 176.47212763909903 110.17321304199967 2381.043110818646 2413.3198790455544 5126.20847981555 9543.66187933764 3250.92589574847 872.1335265558927 7880.8428283405165 3707.3221737948725 3902.4120370265346 3436.3544159508288 5642.747065724597 2895.633379844146 8530.141673097378 6153.5155466440465 2023.6501814355245 5273.6057418627515
4319.273568874113 7673.70152262155 7899.9105904705 3051.964343576804 187.3052382425322 3075.26636067988 8824.041661711086 1077.7326794775045 2565.6969071608282 8769.431872221996 7657.346271783607 9681.342542277638 4820.7272790056395 5954.7781575433555 2660.782973253326 3709.2842644272882 1141.5220946451677 9086.773092012716 665.9506191715415 71.70448967797394
2764.2110984551937 134.13060964655222 2145.3422644456377 6847.249614016478 4254.690145517075 9012.929011584361 10.791212862953925 8012.843165087908 238.47448611992726 5521.057017627505 6791.287758966009 9203.973791422548 8444.6487951509 8339.704570688391 5476.121292217176 1561.4646579531477 3221.9331827434285 2225.243969097028 7756.5602439862605 2683.5844616459326
4788.402212441807 5383.998847665529 9659.05137014369 5977.7494609178575 3392.406327388089 5204.03242998967 8635.185768330635 2293.957686095327 4290.764113584751 2012.2282596909004 8058.442276339857 622.4886303114441 8991.307591204864 7331.5800286842095 4774.988129151248 7851.287505417391 560.3773296867431 5232.743513423813 2865.578108943777 1103.8518081966208
5961.883951298929 2805.5479065906784 2097.864488221086 16.319080049437275 6373.062023786312 8520.302133763686 2683.186701160347 462.85248201927584 7213.06498944385 5305.374056037685 8899.188837302678 5701.310410633081 3224.0573233044256 8536.65903171301 2899.364368823858 5686.5712757936235 360.4853396266161 7816.196891686053 6602.902108838967 386.7844194242298
5470.714316669838 5411.3373115778695 3942.972321937801 8338.200786217982 6796.241604554202 3532.4898587154794 7948.852980872248 7387.132018994803 3167.2082348811814 7246.643492140443 7147.065454962924 592.9747693114263 7438.947929725955 9755.471494562456 3588.954952466027 6604.131451134455 192.82813927778975 2010.987181365652 446.9139698542501 469.04273227508673
3015.651927731514 9198.350778880691 568.7154683912398 7807.445490823183 6775.4087325319115 2484.5691557589366 8639.184134553558 2542.3541517786143 9227.172533675302 5613.473902135819 8670.7069161826 5981.157402340512 8011.466264918806 2421.5003426289395 5428.838556432218 2934.612851834967 9648.424539125388 3155.4313189301397 3096.5371369716554 8775.410148108593
2484.601439243824 4592.414091750157 6990.316834467073 9863.36702906275 1715.2899698774404 1394.1905459169434 4463.8823441624045 8602.211152945212 7583.730019884283 3871.6338621502878 9269.56389868417 3543.29314881925 3649.6003843792832 392.3137939175658 9595.148808535308 4414.463473539558 622.7069550516628 1032.9590830463853 3753.4625048105063 1727.740764625333
2673.7912266822927 2760.3280547691024 9074.320019863688 707.287538471888 7362.903153110011 5418.131836195184 8933.238012232498 9679.597750964063 7366.793279340603 2104.304422835952 48.55680121540917 3780.696469258318 2040.2997534805922 7142.046001094612 7188.393775846391 5860.538606031639 9512.71884835147 9779.712856102795 5251.110438785119 7802.684006841273
5498.660597590617 1998.7636709702228 9317.742523184586 7127.72045542313 3293.9125684351857 4365.6144466944015 1722.1111625293383 5711.792598860962 530.3472188554248 4732.397575257152 1444.092717955331 9726.987401674836 2179.921256998195 773.2519668160509 5203.795989257368 2498.219703552966 6026.3375786926135 8836.926328168085 1519.1577400713074 4871.645093930943
6363.950246386222 8403.10292062831 8686.736698828408 902.5274069156919 4037.0107068891025 3549.0014625752174 5155.245318682696 195.87011146401156 6098.3696379735975 264.4572836602765 6083.632476648475 2071.0172087888823 6345.262422127349 1197.8100140587267 3010.2910994825093 871.8165568576086 8780.827253365323 7471.581105537012 4507.227024542045 6206.831870737279
9653.509746137534 576.0563082154468 4452.801754920993 6679.478566621951 142.53791023997263 6030.531659398099 1128.9148967094286 755.8472989677334 986.1522420199809 4496.12351233063 4733.266079673077 3818.3770210095445 2390.305276569297 5330.681066952146 3094.5994705480052 6166.417770784153 7409.047815698839 2195.479275058765 5388.598213396982 2750.129086295877
4653.844068097517 255.01818036351654 1474.363211229006 1762.035168128606 6667.569199394489 9755.385493675643 106.17687205175753 5860.9626873102525 3589.9598113916477 1323.2849793638036 2722.51480047634 6765.965899242007 7844.800965755733 4196.977501123171 774.0401849577372 1233.242366591466 4495.154607898047 9782.011974872132 3624.573415910117 4016.929375742343
3641.4415779056685 9418.774575054233 943.8020305244288 1315.0637850759883 5778.215152741106 7055.518339754174 8207.756743058133 6414.8761382184375 8378.970100524884 4639.681026128841 6432.849244312399 7776.983842234036 2144.351518205068 471.93313687110106 7591.528759567028 8635.934340514585 8327.645429987166 8511.545951750764 5292.383878720155 6344.946576287613
4342.443626187116 9678.305376705108 6254.776928454422 9155.58097217053 3460.8935708520016 4565.338751827488 1867.8724956657666 7898.467426583336 5826.962056917611 658.8633725320692 696.1752124627851 119.10451753534113 2237.650891234887 6155.0067791091915 2178.4671930948975 4623.13892448058 9186.124663089762 6770.485686504144 8964.299640629886 5098.420273897052
3514.2238762487377 1563.0763185088804 341.9541627030753 2506.521214391619 7687.849750735924 8709.445997258008 2034.057533002378 7274.300184269256 2187.2280221251526 2432.0570839775014 8271.803196883175 3966.47696956142 9795.069903696041 7823.4957470334775 505.991079637067 3083.080269821633 7669.167060761113 1185.7177603296698 3372.8689503969435 6901.01700995017
7001.969522695416 9683.345930342723 2605.020775658985 8866.907890124648 6798.218063026292 5604.290617925456 1462.3149160899495 8948.715665265594 7842.707101139253 7327.610615576113 1955.1896320382268 566.5928847708846 5283.782642001071 1217.6684807729378 4642.319339304849 8248.760774897819 3424.184787100526 6095.274679172016 6106.970609116611 8996.121471781966
4289.366004684336 4680.659899066579 6351.124270051777 4489.700124518625 2334.4294573582956 4459.749163300437 9293.700055191308 5737.899862089969 1254.348916218556 3794.359920767477 8318.994353665545 6535.946007348241 5278.145692294619 7778.575917123952 5393.6995226806575 7197.786540008103 6556.2142506653845 2337.7034308276247 6655.642908223967 5421.101721508248
2291.0052500362244 4372.842920929065 9574.648818685142 6858.97726325309 114.78805147868142 373.2600172861522 6795.691665939565 3997.1710209114917 7884.232311062019 5850.375454964335 9596.772885986153 8273.80657531144 4540.06191660883 3191.3356192061706 9528.72478153702 7028.714554625023 1971.0518483773953 6086.764288760968 251.40306161552607 3832.524295776605
3925.155364786512 4556.441927336924 2840.500579102214 8021.0155787556205 6926.558233808036 5778.291656929676 6911.479108834588 6848.113836187232 9885.983433297915 2420.197376859573 6791.881863932613 1571.3156230326786 3632.5712119967866 1980.82089107527 6670.550856022168 6996.213265685116 8949.190324467894 7764.718840456168 1162.0496864851616 2532.184556806384
1859.0379172782111 4548.709654258927 8046.842783572247 1649.1993430063246 7889.91189247147 9740.572405914285 8082.561459457256 5776.08730125787 2833.5473944621203 3887.8098909347846 2728.945682212941 8143.502219152458 6120.930693416624 2763.3386957224025 4388.81555838213 2850.209173847702 4350.515628148469 6936.618089575271 5339.697010213953 4519.207525482614
6734.783931627161 3732.8628265020293 915.4871065703385 4310.601888281941 1271.6079141339353 789.6360651854218 9694.811316179348 8771.011837939504 300.3886956208701 39.243497156178364 8462.494169052225 9024.71450570214 6768.957695119648 5877.00772156572 2532.8237705031297 9149.593820085729 8015.746828368512 1519.6301859931073 2658.061068009834 4231.36919971015
2162.746682623635 3114.4917770062975 8192.911226922504 552.4617457514203 3318.28972750951 2029.888682651989 2445.4354366499374 2647.2478445675974 5704.706951929374 1937.8333055688336 217.15050448502305 4543.342758707338 3554.4290708944113 8795.195813956569 9419.829374791125 5408.946830489355 3159.1094594449855 8635.599516562808 8353.778683893557 3039.172260484618
5809.873092577706 203.62813437764248 7742.138864425049 2139.669319120503 5532.799296775434 6894.536887425405 1938.014885027849 8203.750795412016 3502.272243962705 5206.806706829124 6856.010541926041 1929.6112255289954 1805.8422053880774 4971.517531303309 3127.0106292865785 3587.126451462834 2837.7567709485097 9991.6587956708 1734.8137849653301 1519.1063400074645
7014.343038702934 6406.134373237277 5965.4874339848475 4049.769326418503 732.9271360543255 87.36195040381922 7885.084752112457 9473.594103079524 8537.001217028694 3688.007279300699 9758.624346608442 4510.5963014584095 8303.863020120822 8571.52958829848 833.0002586743135 7639.468964998903 5936.961701507453 6792.864853493618 7728.760548164907 57.912746188764075
6523.70982090702 3539.703032899717 2320.4480522486115 3669.8786429328657 2210.5277990878712 1001.4630781679413 4432.474168810875 2462.330514807188 3150.407265595323 502.21157534145243 7937.25338319895 909.5287915079264 6794.29693239298 915.4018620008353 7914.597006071828 630.7266967474324 2526.1227053076695 7872.463950793275 3416.126123848312 4427.560133310654
3182.281439671393 83.90566318104086 5075.733962931761 5040.304791180895 2349.949759837704 6210.731828395152 9316.889598196856 4487.559960864077 6504.576656285201 8155.626942145101 1229.8425002663782 8691.820161016149 4025.437041370313 4387.488632497818 6326.5535133156945 1243.768319725449 8919.140503591732 9969.536897894694 7328.440250345034 9621.034788534405
5684.508444957298 8330.368987430329 5901.795805007002 6952.543540940711 3168.244079957594 3498.966340051416 828.0003327059815 2507.459835540864 9489.337126817312 518.8054725956881 3480.4128831557136 4488.150785262662 7151.160832523463 6062.857499895709 8677.097825264367 9419.452296768568 7313.7362228507645 890.4116309005317 3988.301971776095 3451.9319343746893
4864.649408615497 718.2904521101285 3399.8689436143127 2234.7265590946986 1405.6286519552364 2323.16828984881 1868.5388289745042 7663.922950218641 1562.8003731250117 7248.346962130399 5752.348095018035 1775.3424614401792 9132.158982026314 6357.479381590619 359.1131262213432 325.97964537192325 3487.8040514207178 4659.374015214187 9928.241156293703 1196.2349147434204
3409.0084366306573 7322.157674017402 7245.882313461924 5645.475526880796 5023.203798156443 4601.707085416175 9790.700961658842 3666.3443671991213 2915.4775848581626 5528.405183584367 6817.308261115986 8208.632283965911 8621.198135520553 7627.921137526424 7106.666553490652 6881.414440751652 8696.896972776161 2695.846372271317 247.53907011753506 3892.5478486058105
5355.551516435844 6702.665918387765 5260.327041159431 9447.514310400393 6255.930760533144 5274.6825501472895 9134.397584329912 8604.98192886211 6451.67976395929 4878.151518992402 4422.276165750615 6674.354461986539 4734.333251005944 3828.025064409516 9418.839667040023 3640.963422411486 8645.469271838205 6549.3463517089485 6650.914616035561 5817.45123935039
7286.7221074391455 9138.472641624056 5412.445191476935 8945.282217851416 8722.395942966383 4202.948830174288 1902.669695279441 3308.2103811505235 9247.932392801613 8202.993369765078 6159.502646390408 8069.925842437024 5088.5024291561185 5074.196162800172 8427.587521601214 9010.984734716489 3195.5087463037726 5780.175718204644 8860.25261631456 1115.5269655888844
6724.798829405821 4625.572814027681 3526.8656478405314 5046.173441499977 2508.9058647708152 9653.91049786028 6581.84932391868 4445.879758137564 2376.650699991357 6261.480330645889 3148.886275535534 9218.424710536035 7526.95214562389 277.56435985607953 9983.605866599437 8464.592234231815 5329.710965393132 9192.932651929801 1300.312659054158 5589.001651369705
905.1440514612208 7962.7108327239885 5283.082409222284 7242.9329484052305 1623.9666614386028 8866.336589257138 2748.811780209357 7231.37648660925 1274.332236973109 3276.4786769371035 3189.5837847301723 6287.938653187639 2057.455088015514 6870.4236056158015 4993.964920825381 8709.115074252992 6802.360516177656 8811.580651075235 6031.625093975151 7239.840917227026
831.2168009626197 9735.392655167398 7982.930629195818 8315.113707189645 2760.223553588538 2993.0859701874315 2804.9304898922387 787.8782348024549 6187.046353486711 8538.326562494161 2547.418951185738 2611.2510885946194 9694.300706517182 9085.997538994941 4367.525451004673 1593.5542343969612 889.6036718585653 3728.946991606882 1038.5441786334438 8307.517823151251
1306.2343608122694 5067.699699190953 3508.488697955424 1510.4032272986933 2904.4470502424138 2089.768025649578 6136.113719205483 9019.685503255538 3642.0107087795695 2529.332730603151 7116.920705292799 9889.329142823097 9123.552810079927 5244.711097698527 6308.919669808171 6944.578847720429 9691.8075117889 5270.164539341226 177.69697386178396 2258.576632432827
7489.882385365906 1630.2453914107418 8902.592709366038 1992.0125996092352 6002.17089413057 749.0151021431324 3820.565176697329 1167.3992717610915 5372.559569556691 6343.114589274347 4331.582732402062 3412.456864231612 402.0842950177794 56.80104530415786 2149.14830880093 5482.486101506697 4544.220697105213 5778.712969628829 7351.8279998984935 1459.4905822749204
2444.490358698628 4574.259131152291 5076.420627794737 6926.210318619431 5612.10042085793 6474.173443841208 3890.6741741351047 9126.109426807627 664.8309012309694 9978.914316820392 6893.212182841023 5145.76009214534 7254.415187755301 70.23046030024017 4410.608515756493 6493.94759561014 3258.1644672850584 765.3533189470263 2796.309985419969 5102.217922853739
8113.606701542008 8805.91939803925 7283.36830008534 2734.4777759129756 1276.4268390446555 942.8649532139166 8102.717505312245 3068.6463603471493 1698.008592515673 8460.175153132299 8150.989252473881 3301.2510626776325 5947.394681123782 9074.513174240874 7376.631083141981 26.247316339863545 7143.498955549303 8154.393254307778 3750.3537302627265 2352.2384997968584
4216.916416971091 8321.70177506619 3195.700977796934 3747.653160335369 1186.6992197014115 8930.015093337093 1177.8031845406222 2941.3395271225786 9115.971638266132 4658.295405134631 6783.1357145872 3356.415718801221 9201.285810445119 5515.199489055414 6070.3764919193845 18.11594796012117 4054.1227702504534 8918.358622735832 5232.21484475609 2651.7529286935405
5648.971417045722 8194.645672345037 5680.23637983767 3774.81722147764 2640.920070980396 841.5751821236595 2549.76975078001 987.6172547729667 6796.724933821219 4196.624919049341 5318.847100229711 3379.7580043493704 8136.823910961944 5780.411580939323 4245.198725658023 2995.148080255827 1051.7866642978713 511.28941992075625 9147.465202543644 3636.1105423319473
9135.205485660292 7233.084907500398 7691.575290075712 937.5700195739789 4766.04539830371 2554.317477215895 8790.507529521063 9605.17410269114 576.9907269083485 866.4004291888838 2985.4142620104517 5986.600033339351 3861.3383468545703 5589.956389978063 5748.355828030787 6733.186655881427 1699.505361957202 8192.517694901766 1531.6570013543362 7209.4262628621145
4127.234360893729 8327.529940729934 6086.1636629904515 6520.73555847193 5021.089984012083 563.7118593958745 2080.4407166508877 9555.320048708192 5542.86834777964 605.4680458204975 8375.226293267577 273.83654354047326 2963.0409223284582 6649.190120077622 6442.209456725667 4630.944870208895 8474.383511786746 9576.924811596835 8363.47718593696 5975.738143058303
1210.4464462640817 9058.02528020363 9607.735027068218 553.4229998561647 2099.5470228338963 1311.0447193131758 6351.671753280276 5818.517793749187 413.47252673969325 8272.271022908604 1499.6068693557618 9670.225472141341 7911.10177467561 7223.941914349085 5751.82325550339 4433.528613590591 330.6699991841622 4554.320686509054 81.75310900578326 5434.943255044492
3650.4146958701067 7253.453291224748 3804.4512300398724 359.76257890000363 3015.856680864535 992.5700276798688 8053.557397083377 2228.006788354188 5522.986882462565 4191.728785363238 7931.207464922029 5789.1915478656965 4150.144275020015 3349.4500097833125 7855.1330808982475 4411.413639669859 9047.385643168487 6089.720084628406 3699.4377164195503 2128.1464215411715
4120.666669438372 4875.889432395187 2210.316721914031 3406.5261523544277 1389.1620123621008 6147.632885221788 2875.247541188364 1413.800880051561 2947.5775992486742 6756.270384569671 9933.943314868666 4084.00606335253 531.3159823230518 2005.4027873800906 2541.62947455433 6124.819612502223 5660.8748031094565 7347.939988672081 9229.96753640849 4254.941632148489
9132.87308455211 8847.257198741856 8758.216870436305 2425.2324864487928 7228.617226955945 5879.3398526991505 3206.990620419983 3552.235823401302 3427.1319639059507 3234.4287797486504 739.2261793873689 4380.601653470478 8638.097098351185 8770.816474398638 4837.758603972111 491.31637444302487 11.150077134608471 7080.078254095249 4026.150074532351 9185.53878987495
8231.525602495089 9242.174983683339 1089.1914665474035 8999.227274975285 5878.02306175233 3680.4933851928668 3631.764617490698 5941.638351489525 4897.801657034274 3371.037902029409 8449.50838493409 8201.167780062531 9543.529749702819 216.62499639792497 632.0114584525616 3024.888437409504 2221.918716930571 8266.07272096435 4579.007508870316 1753.54183651802
3618.6951679999447 3640.0206519885323 8182.319678107445 1581.620894827468 5193.577988944015 519.1499038287906 3311.0697266437096 5512.575624625095 1679.8419361829754 9357.222762599833 5434.926700971339 5192.06531455243 3576.5673828307363 5600.493697307098 2729.940131871563 4827.570789155494 4787.688139714471 4626.688230327518 333.76564452655464 8240.566984720695
8540.469437910959 1360.8887725212394 8551.858225286796 5247.8547124117595 5507.056650236054 1082.2981108441875 4763.475478982076 8031.532334720272 1656.2615009152248 1305.0063487816599 7536.091680342073 2932.4869840994184 9778.755536432134 3297.5134391623915 8029.101585586116 8190.165885638367 7857.368786060864 5799.908572958645 8152.442843812087 3551.7903497959323
9495.195654003885 2804.246217929682 7143.047186118003 3387.0568003300104 6467.735902946801 1882.7978623059782 8231.785258897982 969.762387095694 1131.3052820209534 9480.501938406898 4895.83779256723 7925.6846373527615 6898.475173538731 4832.071101287444 1826.197221345559 9496.43566965738 8282.305286450026 4720.861068393113 9187.261161283584 3231.898155034604
8114.659335489531 7165.742643523184 5.249879598625551 5999.245722971026 8459.905795714782 3303.8593790213467 9594.446465228097 1784.4378875071 3473.814941410158 3231.297425016756 2815.01711301659 662.4707322749979 6998.491519870865 3370.328807741395 9653.444945091313 7525.558499639236 5037.68576496945 51.03687318120498 2126.3667108344152 7683.804467108612
3422.8511103149904 6426.76536043063 5830.872847182201 5290.8185879660305 3958.823044978731 7586.982270586266 7599.096584121119 9697.12556336672 8129.0192562336815 1787.781801141395 6662.180473476117 4297.095946204073 6043.567929531894 4089.394011114067 488.4779921065696 2210.5272350452 9729.791310553348 2371.7102168155325 8033.110908439948 3227.8936527680803
4092.9886883039503 4692.972376020927 2520.7689935921176 6848.66526663145 5916.472361568842 1263.4170483520745 3080.908001191954 6954.999692746435 1123.333510224539 3924.802812446793 9564.259136239305 4688.491711090121 3188.4247898431627 958.3926206205617 7691.839626305993 7435.55943677948 1067.563168262925 5288.104412829936 2322.409861050938 3477.435944194257
3301.976450072838 9702.176496207345 5071.595429288611 3823.628234152715 6059.52444304679 3585.8485265761774 8775.652007367753 5023.091335937951 6790.25120783166 1839.1831441789132 5365.123515416802 9335.261579903525 1902.32925760359 8148.307767062206 5598.40213898017 1543.476565855505 6405.485088474456 1584.9893231554247 8802.469087760981 4906.209591712928
5822.497807243587 7628.596459363548 8277.862280428013 2266.927682314772 5835.3898426193 2136.1459563449403 3347.1747992152054 2181.2764601306435 3111.4339896345878 9530.269273791908 2161.163815512199 4070.6895600807056 1545.127707030528 4531.576866406989 323.8078360159835 874.4051258998376 1755.789556442342 131.03663194082404 9157.418274446152 2447.263526769005
8096.45819674549 3179.6266262553795 4001.1768503329226 8038.5558200510995 6658.283875976342 2966.660128551484 7321.238369374121 1587.5772047826674 9795.620483749959 7464.821011255927 3607.7977244423078 9284.43357963138 7550.540571092344 6539.093186914367 3044.29193017839 4870.039076298442 4021.5139116786904 1348.4008933187054 8756.173444735228 4487.13330023164
7199.50203583268 4412.925050217958 8081.4483005064185 9544.537782925656 4085.7390842589502 5376.6940309159945 1752.4513149022769 3019.760492917003 9008.986298805357 3364.194891182122 6138.084241782472 1900.4508282728173 1976.059916305134 8011.385521019703 2768.016751576173 6053.093550008317 5617.948354370086 7745.634812939623 6245.109128652199 1707.7256007708975
3834.854374894514 5695.751143472031 6349.588903431059 5960.347698975693 2597.007076870965 732.4082999859827 2648.270448654426 7220.092393099668 3524.1099036897085 3570.912948172821 244.37994472307102 5366.103990201322 3844.8022976755738 5612.400880504392 3438.307808724701 4529.474496234401 2128.5311835320654 1256.1855624283357 16.88082557931736 878.4668506334103
7785.7424897079345 2785.133358681959 2648.5099793197355 7560.657801174121 3748.3194260212426 607.5672789326625 5433.833169351492 9043.509600280826 5970.707415717681 633.3517706208191 3046.243998331152 7495.280888549369 433.1879474787359 4868.446860418071 7093.955091230263 4561.074816331548 8182.267153548382 931.3624108036245 9345.017198571186 2914.2087097229373
1609.1758277138358 1126.5828781603736 4278.978616779884 3300.9884203038787 645.9795449673555 1954.173011756888 4063.6314207381583 4447.353000249929 5849.820750205286 491.4201873820856 7502.564015897604 5158.751467287079 6449.330089023138 4951.500302738854 758.9967576495094 220.00170974668555 5343.255137797097 2905.806540721346 1733.6516365837274 4289.772312476495
9769.87595396392 2150.7098729727504 1859.164017144388 884.7193224362637 5906.788543166952 6006.169844990048 8770.816330509491 6761.200526356617 8014.155371968287 6952.748043711465 823.139151624257 5527.880426925835 7900.536459357924 9945.22137206914 9744.183192123477 8160.42739440551 8468.928337552521 9485.130706079013 854.0433864876873 2239.9011661984623
5891.660968323555 2591.2438645426173 1221.4709698823833 6199.312062994098 8566.306670156135 3176.048307434205 4892.179985747797 9638.228318671441 7420.782871236354 2018.0321565981574 894.7232869572508 5853.199284940794 1364.3385422060273 513.6544018934663 4114.569971478213 8132.148927670133 3722.1298989459374 5699.541898034632 1324.2912732860968 7073.788347935619
344.6120151660781 8654.59419104341 4667.521833195332 2218.4855200816824 7748.98280700519 8323.316013561225 2716.6293109459825 7614.91906478851 128.4344147280836 8045.84084300915 4858.794638096316 7597.237223834346 7355.981643970719 2636.7454538038605 8212.46593009358 6010.332099035939 2213.15484436567 9723.899368670185 7535.918162650307 9396.227429124274
3989.854816959851 240.23200755852736 7661.915059220093 2242.4728576218454 7330.191362272868 9455.441447347346 4877.234597362891 293.8264241683186 9740.133466687827 1741.3102532478508 8363.087208278039 6141.3958516579605 8526.323191869044 9383.432247351304 5322.219857275846 9828.804658515717 8101.4139994848965 8183.796344614659 3740.763627757353 6052.833914102127
1569.8140357460134 342.81479438448395 4867.651806737049 8686.384543156568 6298.73076697632 8166.02197520764 3441.696971076049 2814.4964024228993 1782.9247025706795 509.8109215301894 7456.184399578021 4249.548601128338 9527.601517407544 7562.218310966386 823.1012798454807 6579.656081223224 8902.381936382866 8548.903534256844 1683.8924355307972 6204.671803352506
9960.30842886142 1261.1130783382873 6310.891019579312 6527.08918542053 4069.362179342335 1921.5619808860129 3553.34734963192 3490.5355308735398 5869.9768268091475 8835.799413252724 7604.235338167543 5996.430966659236 5550.556039777603 3520.773250295347 7498.789704020697 6379.788390529124 8724.014023712702 8558.944054227524 202.98764721370932 8088.007125733673
2291.8728671427402 2295.441159834136 409.9564891995577 9981.916764147665 8598.471649719171 6677.394304497022 4234.553494806936 9266.207531516757 6906.350237159339 6028.71573368198 5881.130170762335 7956.784432343291 764.8927945776895 1360.2456094896386 6056.759586541811 1005.4604685040414 2197.8294623833494 6934.316648261782 8411.968706245418 7727.8088468702035
8801.207106301938 3234.435358526185 5613.286252805483 2017.873142916231 7821.961856968158 3234.9122743853486 9786.680562381143 983.831529961402 2078.2364333076052 6921.922894421685 3018.2264426623806 6101.599744207823 6186.103965137203 2386.61498899312 2358.1082042393264 5758.747864933661 7973.373037960724 492.51873215868767 346.3315306991821 3148.998098059185
9189.668642805842 4113.661215206275 6463.278647612469 8877.958599361207 1662.9933407952678 2246.4252799948827 7105.510965968166 3353.6414976119654 9906.493554627055 3917.3293384663475 1696.9889419730798 60.70467431542603 8845.169744876579 6740.553330771658 368.14195157223395 7155.242651205822 5810.785556744604 223.16805529990157 4269.985547887686 1467.3485205369475
9244.242232970319 4472.674158094828 3037.757748651654 5961.556854916975 2648.2102016262843 830.5898671053491 5178.298994210853 8980.664403612918 1248.8131065573616 2137.4721557064345 6227.6741460771045 1186.3254259759337 553.6838666853716 6828.896687563998 6410.301645134702 4010.1989473690346 534.7270808949867 2868.5577802130238 4228.114419464587 1642.320768417841
6517.431559081014 4643.79771499625 4918.045417563062 7108.767025252356 8024.599881647338 8380.50655505319 3038.401485030928 1828.5565657343516 9800.875274480491 9378.483930561837 6579.444373159342 7190.143031327384 5035.455843652011 7424.984715433645 5940.773772109335 6150.726334525666 9403.913801505676 5113.320342200484 4877.865358530747 2637.0111560395126
5966.039370979236 7475.022409239188 2092.388974989562 6613.930481160362 5185.155794908605 328.21772750867837 1525.68811612503 3088.236392001856 1375.3611313795643 9051.502409720686 6612.081223104662 4026.758746226132 6736.669765913301 9111.749987337931 8758.396623692137 3194.5202674885963 6804.043173724286 4605.919070984497 3138.429497235404 5255.783633924905
6614.813930355849 1321.0750635141244 5525.767182706219 2131.502213326996 5190.022872958972 6373.477493744202 2335.7027562484923 1569.53491494512 7028.706210298614 7356.724712899445 2306.711660839107 5159.37078438862 3230.180859749886 110.59053808455843 2324.2441468938314 5611.012662609783 1587.8997884421476 5716.325338027437 1774.34148338657 6018.043480703568
4539.454105942335 4130.837913751439 9511.85551434607 7037.802726851167 6210.825032551377 3991.3110687133526 5037.81428051127 1446.9840832640068 4958.996417284276 5553.449827595064 802.7449585446711 9368.857693746257 5795.558942388659 6470.694051585171 5687.524091338004 1618.713045791158 7864.949665202631 8178.378152081596 660.6017087557569 3077.004925483784
5754.488524305715 4015.950683245837 6370.199490456739 2775.079186979793 9829.387785568195 8902.015284820436 9002.358453706836 2466.2452500376153 14.426191249027331 4371.090457645643 5120.471506444481 855.3503851627353 9484.995907661134 2087.62746281836 8399.204580153746 6372.90382091153 9583.743816848093 3571.967578985621 1175.4736863047465 7405.189657264296
4945.048354906453 3804.559497658191 1561.4136609805685 5229.69559864306 8288.083913870183 1618.897018841855 2499.0365479647103 1555.5775277347882 7630.24482585344 350.2795579583251 2583.5463360119193 9531.76973114625 4776.213448123873 8076.640160720606 9742.03974330426 4360.741779422819 2853.972296764539 7969.320443770118 7926.591554109275 7243.791931819732
2397.5815148098377 5765.820593147047 3865.483801328 4284.159887920076 17.549048561208423 3183.1854577288323 5613.609629410765 187.13144217997413 1053.1445257560445 3209.8334808639584 7152.843507355753 5121.695305841088 7767.020222137419 5645.275839155795 3615.4374725828743 1946.21160344028 7621.018420902248 9001.308702714186 9838.267395545796 150.92835371852797
1963.060038189598 7934.908387468114 903.0210145654039 2333.0889101618677 4058.52460720901 3752.1955816257214 7077.182653911559 8795.748322900365 6815.549713044658 9204.479123506479 7142.935407195554 5949.321135019519 4782.188765827114 7791.52470140746 3485.8711857447356 4595.264045356571 2034.3888143381516 2093.8418386548597 9512.656602582172 4884.189323302337
7427.256772010976 5274.915753361586 4976.5778402390515 5766.101547438427 1348.1061822977126 4825.958795972918 7612.145715179883 8088.3328305817895 3588.289029280315 7869.888919077368 114.7118623618737 2147.145222934278 241.829576094168 2897.8898255117147 9948.31058799801 2461.8642138243076 8642.398281877546 3681.045379651088 5724.707864680152 4815.7889817964115
3266.1786063935615 7281.179834748404 7968.904402272109 3196.0230748748518 2256.6884072290495 9579.179151562646 3971.104316449785 7164.758354737074 3768.644211391773 8545.708815642065 6122.426422585223 3407.431270746147 3681.4627542306735 7598.380698552948 641.4053311343038 8728.567104341859 1399.0146926108393 8821.066827938004 8920.585536330591 5604.015518679936
8430.760348629468 8565.196978424201 6857.288441527718 5548.669397404292 5240.411791256054 6009.514091414939 8479.890114880984 21.65556358403986 5451.782943386575 8623.909491694354 8940.716320537787 3366.3701205543794 2917.5015152787496 7164.591870452046 8518.925972943469 7370.624010317365 6384.778462356453 6821.993277394249 3661.5213207864904 2432.5589387390755
8533.438355066444 449.44599724385694 3287.8860279706123 6030.876807990516 1014.9377801970671 4419.818497444498 8593.021163612939 5223.324792668816 4787.107672411046 7588.922235034826 2406.9123185198005 6235.260414248347 5517.874186642333 9088.658523476179 9802.228466653643 850.5197875492987 7122.230041577435 1229.5015116834672 5089.815697065261 6279.696042312422
2600.2407644179116 9661.064751922027 1601.2193696253273 2456.329690753305 259.88614314121025 4121.131915247901 9729.731248451224 8299.402920930394 5137.05569948389 9597.674668945425 5586.219998677488 6380.916936013727 9966.029193167566 9535.025705420121 7323.278400275313 3650.2265579457126 7407.290976402866 9834.509293214518 8690.976252457285 4392.1962575189955
5405.542837847841 4831.476518867293 9709.780870664179 434.1284987108485 529.2918698137672 4174.830019861696 2480.9679599339875 2766.809075009513 9934.41201770637 2591.767928033799 6102.115196213028 8207.90736985353 1197.5875276873016 2889.611664187982 8415.031030480377 4511.352655436942 681.5649550115588 6228.2284569565845 3885.745891277508 7414.2065820321
5322.655959524053 2690.6958424938653 6300.947230648033 3512.9347171391178 9771.949968707704 9486.499072746867 2162.5139697328354 3573.8776626256395 675.2054388046369 3740.6891626942083 5671.569305953241 1908.1089805518259 2542.4130936111733 1754.0765264352253 9015.735315766713 8778.756305628462 5136.534217242647 6863.665966256175 2308.0377293491474 4459.258531614059
601.9319380429322 3589.1913347699956 5973.178838570553 5523.916309898564 9656.533912911049 6620.738082461028 4636.657018218363 6227.486897730578 87.77615248360293 9384.087427450433 5644.480822989764 418.4652730579541 7520.894968019871 8414.558712603566 7225.990062229977 2331.081690791628 7969.150464963717 6576.761729843944 1009.5605681202524 7813.940581177721
4029.07901687524 286.81552905525876 1110.7365412500503 1078.6103445845986 1749.8876010372578 3325.229439070152 7334.600356928571 5889.3717222141395 3184.6217006981815 2572.7822674731806 3168.9538011437344 4265.71406769618 421.7498007659981 9058.376318239143 192.15030402876087 232.07022004348653 499.3257779442528 1076.986653795683 9279.186490175518 924.6590176991576
7019.905132975641 4817.45907286088 5561.922093268764 2453.2085231960987 3512.9082903198573 1934.0607405572118 8484.066378583784 3315.7094021121025 5632.136797670625 2802.318934009215 488.8347599626519 3877.252646910224 4129.6655819439975 8818.832313727069 7886.942480054272 6449.384566664125 8213.352436432457 7036.369586763328 5274.871686544208 6844.309828100388
9373.715834032011 5669.723966145191 508.1078895576452 4928.662019638133 9056.953206310367 9564.420470690678 681.3159152857628 8664.451596018274 9664.384626183572 589.5194673352155 827.1823386886679 3400.189421400249 7274.624198105325 9097.402327841344 6117.922276305613 5763.0804472408045 6213.2932611573 9087.56022597179 5238.2151693386395 9403.567413383018
136.11228754970116 1518.0517781869141 7295.591273839531 8056.396131920855 1644.7149916852666 7327.435870624958 7144.07093058826 9907.767433217123 2620.5515846732906 4161.622021491218 4319.10658176097 6096.028026301758 440.7594077503352 8544.22973340181 8916.659244914534 5323.744229610924 1030.8968329109646 8285.67950028411 3696.4972915293547 6021.895037354873