1.479390032385064 5.249879598625551 10.791212862953925 14.426191249027331 14.434666351715864 14.766673736914537 16.319080049437275 16.88082557931736 21.65556358403986 39.077404764769064 49.79282658895134 51.03687318120498 56.80104530415786 57.358465180620264 59.743712523833146 71.37818281672259 71.70448967797394 75.03165876390882 76.1102645296674 81.75310900578326
83.90566318104086 84.84012938683283 87.18155678704042 91.30867653864505 93.15735461204233 103.50052729962367 106.17687205175753 110.59053808455843 114.29623236466901 114.78805147868142 123.6531607001512 126.24945491046758 134.13060964655222 136.11228754970116 140.3738178131875 142.53791023997263 146.78567184907342 147.38892194607 152.01163475104363 155.04447349408923
156.9590254210418 159.04993327930163 162.88833415174065 163.06394081517905 174.01203738527383 177.69697386178396 179.30286157007868 179.70472869789478 180.6476638471177 187.3052382425322 189.2894890890151 195.87011146401156 199.1114552469908 202.98764721370932 207.79965750841623 212.27103060856624 215.5176080908583 220.00170974668555 231.85452726594335 234.0276537249053
237.39439121993166 238.47448611992726 239.3780408111168 242.3654178404333 244.37994472307102 251.40306161552607 255.01818036351654 255.86122328697502 259.88614314121025 264.4572836602765 269.0209590061654 270.50442908643555 272.6396108004026 273.83654354047326 276.95749429724634 284.12348395335687 297.477828240027 302.85790952823464 318.9500568447434 321.7791436421413
324.1129807294585 325.97964537192325 326.54272207634506 330.6699991841622 333.05963588864284 336.75017435472967 340.9761002430178 341.58769142412336 342.81479438448395 346.3315306991821 350.2795579583251 353.584034979586 357.1013569637016 359.1131262213432 359.76257890000363 360.4853396266161 370.7497007461946 371.4635276646383 373.2600172861522 377.9039320466926
381.0234434597637 384.9629895937135 386.7844194242298 390.5282922552611 398.8655688577047 399.7118982816095 402.0842950177794 404.09968134145214 409.18678900817685 409.9564891995577 411.35250904186347 412.94720458529 413.47252673969325 414.70427578639834 427.3548859706222 433.1879474787359 434.1284987108485 435.81228417770234 436.8000836086749 437.27649680609824
440.7594077503352 444.4095793289171 445.789646484559 446.72653836079655 449.44599724385694 452.254814015679 462.85248201927584 479.7056284908052 487.60046391604584 488.4779921065696 491.4201873820856 492.51873215868767 500.18588276259266 501.43143107994723 502.21157534145243 506.2650384028322 508.1078895576452 509.54648825289553 509.8109215301894 518.8054725956881
522.1805675304603 525.3417634117042 526.130183836313 526.5552590204625 528.205241474663 529.2918698137672 529.4674960109646 529.7512305124375 530.3472188554248 532.3858598460985 534.4170720700181 535.6952247988411 553.4229998561647 555.2611640797122 557.134796904386 560.142215545949 560.290054580187 560.3773296867431 562.3720159456902 563.7118593958745
563.713502565264 567.9830332546054 576.0563082154468 576.9907269083485 589.5194673352155 605.4680458204975 605.5805104193036 607.5672789326625 622.4886303114441 625.7443879673385 630.7266967474324 633.3517706208191 633.6078896846298 635.7242402686192 637.2683898796616 644.556704590693 645.9795449673555 658.2987133514595 660.6017087557569 662.4707322749979
665.9506191715415 666.9023244451499 678.8622152311241 681.3159152857628 681.5649550115588 689.9137292500445 713.3713407939779 718.2904521101285 724.9564260873298 732.4082999859827 749.0151021431324 749.8133957352926 752.2941017813267 755.8472989677334 756.4758335141375 758.9967576495094 761.3117069892251 764.8927945776895 770.5603546660011 772.9092509459879
773.2519668160509 774.0401849577372 776.567269636571 780.536043542569 782.5499589880891 783.5275483523762 787.8782348024549 790.8299760591219 791.0031934017093 796.5434934316506 802.1486083599605 802.7449585446711 821.9033620140515 823.1012798454807 827.1823386886679 828.0003327059815 831.2168009626197 834.3757796035045 834.5547863510893 837.5873551367397
842.2598823543992 845.651944072463 849.9027956251681 850.5197875492987 850.658769828766 855.3503851627353 857.4001758054573 859.6157397854442 866.4004291888838 868.954440135663 870.2515881801776 871.8165568576086 873.3350986300137 878.4284475472203 878.4668506334103 889.6036718585653 890.4116309005317 896.544759732455 898.1328341990835 899.3200734885709
902.5274069156919 905.1440514612208 907.2932871940209 907.9620924243337 909.5287915079264 915.4018620008353 919.5070498600444 920.0487130675527 921.6626792598914 931.3624108036245 931.7565175694887 931.9594129708719 937.5700195739789 949.3152343267398 952.8192582764893 953.7146576055344 960.509315482988 962.8862792431614 963.9626830897241 967.2783148562191
968.9189845198631 969.762387095694 972.1355038766887 978.6598917368616 983.831529961402 986.1522420199809 989.3674530209917 992.5700276798688 995.0624655616813 1001.4630781679413 1005.4604685040414 1006.7311711600369 1010.2259158481952 1014.9377801970671 1018.5120205947907 1020.3060227502248 1020.6141739602792 1022.2331018295006 1026.3463571013608 1026.7105000233967
1030.8968329109646 1038.5441786334438 1044.1597160812555 1048.0338681786138 1050.8588869785085 1058.4001619682415 1060.7288485373233 1062.0096792223565 1063.8523432543768 1077.7326794775045 1077.7432648588315 1081.585545713707 1082.2981108441875 1084.140820978886 1086.054491022249 1103.8518081966208 1108.32711527199 1121.727877125569 1126.5828781603736 1128.9148967094286
1131.3052820209534 1141.5220946451677 1150.0945396112284 1155.2865487742447 1155.3426103002462 1156.6513704621295 1159.854415763114 1161.8302316385575 1162.0496864851616 1166.799630424905 1167.1395413407358 1167.3992717610915 1171.7040257392453 1175.4736863047465 1184.7380679344221 1188.6573034432379 1193.044672619985 1196.2349147434204 1197.5875276873016 1197.8100140587267
1199.9589047430236 1203.1706764272476 1210.4464462640817 1211.1886482160849 1212.681390460829 1214.390467640224 1218.2754883348468 1220.364221673751 1229.5015116834672 1229.8425002663782 1233.242366591466 1233.4209040861188 1241.1036578850976 1243.768319725449 1245.4032320339793 1248.5344788556363 1249.1264755755394 1252.7000252059606 1253.4875608585617 1254.1951442443976
1254.348916218556 1256.1855624283357 1260.407907016171 1261.1130783382873 1271.0810319898712 1274.332236973109 1277.1271886329416 1301.1721366173733 1305.0063487816599 1306.2343608122694 1311.0447193131758 1321.0750635141244 1323.2849793638036 1334.8064611397658 1342.8225660453886 1348.6891012696044 1360.2456094896386 1360.8887725212394 1366.0445564547952 1368.8902538907532
1371.0510407479549 1372.9484335185994 1373.5944625773955 1379.6797250075088 1382.594025647581 1386.3926560772088 1388.9746222656474 1390.122677220671 1396.9417178867393 1405.6286519552364 1409.393096472169 1413.6845077229555 1414.454336904043 1417.4487494275213 1417.7640687220294 1420.669857128153 1421.4896514456786 1422.535032821457 1423.4401125262375 1423.9172988583248
1427.2006077933663 1427.586653431575 1430.6191108118992 1430.8464182301238 1444.092717955331 1446.9840832640068 1454.1485313110281 1459.4905822749204 1472.1746351132947 1474.363211229006 1480.605059812876 1499.6068693557618 1507.5213586259972 1510.4032272986933 1513.5306035170427 1514.43423223103 1518.0517781869141 1519.1577400713074 1531.6570013543362 1552.9365678207907
1553.614465591484 1555.0593393737488 1555.5775277347882 1559.3246402266536 1559.9486037076392 1561.4136609805685 1561.4646579531477 1562.8003731250117 1563.0847450698082 1569.1642682112395 1569.3839150710132 1569.53491494512 1569.8140357460134 1571.3156230326786 1576.289388192783 1582.6626008972987 1583.8394046697147 1587.3430081076135 1587.8997884421476 1588.4918375456857
1593.5542343969612 1593.966373951673 1601.2193696253273 1609.1758277138358 1612.3110234797 1618.713045791158 1618.897018841855 1623.9666614386028 1630.2453914107418 1635.0379428485874 1635.5045772524368 1637.404675578167 1641.2537624001423 1644.7149916852666 1649.1993430063246 1652.9532359279754 1654.837416834689 1656.2615009152248 1662.8374120589463 1674.3384673178384
1679.8439117814657 1679.90902020559 1679.9410876903353 1681.3924333027508 1683.8924355307972 1699.505361957202 1703.3629705390385 1703.42678032251 1707.7256007708975 1708.2107031303906 1712.311729306748 1722.1111625293383 1724.1245947190498 1730.2120146369004 1733.6516365837274 1744.3801713074436 1747.1831811401084 1748.4364609994718 1748.4366402972173 1752.4513149022769
1759.0853723706489 1760.2151904858777 1762.035168128606 1767.2601599512127 1774.2125976693824 1774.2271700470858 1774.34148338657 1774.8358966465817 1775.3424614401792 1781.871623477238 1782.9247025706795 1783.475101427695 1784.4378875071 1785.4366735334781 1787.781801141395 1801.8884955993585 1806.8696337765966 1819.6094832432896 1822.9607773118605 1823.3559416217292
1824.4847000132302 1825.6939256492476 1826.197221345559 1827.8257841344946 1836.2262155502428 1836.4732617910306 1837.8241755033741 1843.4910765537084 1858.3962006534994 1859.0379172782111 1864.9937158524322 1867.945409303108 1868.5388289745042 1870.3054812744836 1872.743094048932 1877.580704320617 1877.7297875457389 1879.490879476745 1882.7978623059782 1885.7808670449883
1892.51280032932 1900.4508282728173 1901.4643111539408 1905.1258284905214 1905.5042210346462 1906.9675321292211 1911.417170449583 1913.6813666815888 1916.7447493378243 1918.8164820688824 1921.0686128513232 1921.5619808860129 1921.7251518771038 1925.3448560565544 1929.7909963638738 1936.7987768424512 1939.8097629280087 1939.9469601418773 1943.196563351931 1943.5119823491887
1954.173011756888 1959.8927403457933 1962.6516617142286 1967.0225944378926 1971.0518483773953 1972.2357415705428 1973.7410155524838 1976.059916305134 1980.82089107527 1984.2720782005263 1992.0125996092352 1998.7636709702228 2001.2994768757098 2002.4312491168505 2010.3259674607154 2012.2282596909004 2017.220186005153 2017.873142916231 2020.3381808588915 2022.5714043647524
2036.8616228846226 2046.069845320222 2051.106414145837 2054.345022876498 2056.790919279159 2057.455088015514 2060.559829683134 2071.0172087888823 2078.2364333076052 2080.4407166508877 2084.3683797014246 2086.3273693268156 2087.62746281836 2089.768025649578 2096.0259492601385 2096.120459374965 2097.864488221086 2099.5470228338963 2116.179176010177 2118.378938406408
2126.3667108344152 2128.1464215411715 2128.5311835320654 2131.502213326996 2134.970039253066 2140.1510544361736 2145.3422644456377 2148.5315525755154 2149.14830880093 2170.5138279119165 2179.921256998195 2194.4565706415165 2195.479275058765 2197.737712378439 2197.8294623833494 2204.125665206802 2206.05172559153 2210.5272350452 2210.5277990878712 2213.579057847883
2225.243969097028 2228.006788354188 2234.7265590946986 2238.9454306105395 2239.3904814347275 2244.0363742017767 2248.4785926777395 2256.0947102574514 2257.4370832032296 2258.576632432827 2269.50490065738 2270.716570116044 2279.076976534171 2280.324199940654 2291.0052500362244 2291.8728671427402 2293.957686095327 2295.4359148361614 2295.441159834136 2298.1660108203396
2306.711660839107 2310.474511594215 2316.4248956926967 2320.4480522486115 2321.036445898601 2323.16828984881 2324.2441468938314 2326.573156104694 2327.650919444474 2334.4294573582956 2335.7027562484923 2337.46572122163 2337.7034308276247 2340.301898998608 2343.4329780564613 2349.949759837704 2356.0949019315944 2358.1082042393264 2361.4454459094936 2362.477277469237
2368.1796651048535 2369.6947187337546 2371.0156992457596 2371.7102168155325 2373.3168087447575 2386.61498899312 2390.305276569297 2390.3448357218995 2401.5575449507155 2406.0701771868985 2406.9123185198005 2407.7354191077625 2408.53250941655 2410.521844962219 2417.8251089385326 2420.197376859573 2428.394589317746 2428.911394450283 2432.5589387390755 2442.638410054634
2448.7520591353796 2456.329690753305 2456.3549322067 2462.330514807188 2466.2452500376153 2467.4335583302 2468.788110524648 2476.924130103119 2478.8490171768653 2479.3458677033 2480.9679599339875 2481.435092702029 2484.282224127526 2498.219703552966 2499.0365479647103 2500.431967206013 2505.269763196152 2507.459835540864 2514.734274353828 2521.660722170964
2526.1227053076695 2526.7506221732806 2526.859457651892 2527.3147121187967 2529.332730603151 2532.184556806384 2540.409417340507 2540.5466133202035 2547.418951185738 2550.2633799750074 2554.317477215895 2556.3406576161506 2558.041604813438 2559.116010490787 2565.6969071608282 2571.9614416218237 2574.424572512154 2576.0130228755406 2578.431329748464 2583.5463360119193
2589.117786497822 2591.349791022497 2591.767928033799 2597.007076870965 2598.541642526637 2598.851665970211 2600.2407644179116 2604.1053440673 2611.2510885946194 2612.635000804422 2616.360948479215 2620.5515846732906 2621.3788221686564 2622.096593659691 2627.063839783186 2634.939715705514 2648.270448654426 2648.5099793197355 2654.8944094800063 2659.8542650255154
2660.782973253326 2664.413022472579 2665.297674967829 2671.2826038656976 2676.8273624698368 2683.186701160347 2683.5844616459326 2693.8331700498175 2700.9204945928045 2701.965084793311 2719.5726277467847 2722.51480047634 2723.5689262980322 2728.945682212941 2729.0761234544434 2730.5081138270193 2730.523167375236 2730.909809602864 2738.273236418638 2748.811780209357
2749.0686682696696 2750.129086295877 2750.9287731899335 2752.5270488389488 2755.5046305672213 2759.300841405777 2760.223553588538 2763.3386957224025 2764.2110984551937 2766.809075009513 2768.016751576173 2775.079186979793 2785.133358681959 2786.884621733554 2789.5703784351344 2789.8539361790176 2792.1034139485923 2796.0206926829965 2804.246217929682 2804.9304898922387
2805.5479065906784 2807.491932725884 2810.818955435984 2814.4964024228993 2815.01711301659 2815.476704647196 2819.2251907303034 2826.912942996038 2832.619737530384 2833.5473944621203 2840.500579102214 2846.0115468704294 2847.564262928467 2850.209173847702 2853.972296764539 2865.578108943777 2873.0677623538136 2875.2326928307016 2879.879375202383 2879.9878444340643
2889.611664187982 2898.880272904443 2899.364368823858 2901.1252689629664 2901.346054133974 2904.4470502424138 2905.806540721346 2914.2087097229373 2917.5015152787496 2927.3611001389377 2930.289154601178 2932.4869840994184 2934.227422913087 2950.9987899493485 2953.3677736216714 2954.8900107437657 2958.1643393992076 2963.0409223284582 2969.728433040334 2977.879968598829
2985.4142620104517 2990.5181893496624 2991.7322780254262 2993.0859701874315 2996.5017072393885 2997.7342337843247 3010.2910994825093 3014.2537125434387 3015.856680864535 3018.2264426623806 3019.760492917003 3020.74876629018 3028.600109692461 3029.4046254907425 3033.663143512432 3046.243998331152 3051.964343576804 3055.8008082961364 3059.95155462625 3063.6097419745024
3069.954271255283 3075.26636067988 3077.004925483784 3078.758143413446 3083.270863381725 3094.5994705480052 3098.766584469821 3109.067664248817 3117.775099729915 3119.11041551345 3119.604100882016 3121.044828335956 3122.6051178251214 3127.316740327544 3127.6316580680864 3148.998098059185 3150.407265595323 3159.497060748003 3162.288809256495 3168.244079957594
3174.9598623284105 3176.5479793315953 3178.1950577831453 3179.0256710262297 3182.281439671393 3189.5837847301723 3191.3356192061706 3201.9996462360214 3205.8111895978823 3214.8561403884146 3221.0340045748885 3221.9331827434285 3224.0573233044256 3227.8936527680803 3228.8091411833752 3230.180859749886 3231.297425016756 3231.898155034604 3234.435358526185 3234.9122743853486
3235.9126719091346 3252.319468700616 3252.697545648395 3265.3897182920746 3267.36135943256 3276.4786769371035 3284.246510826371 3287.8860279706123 3291.199774319823 3293.9125684351857 3297.5134391623915 3298.517093686103 3300.9884203038787 3301.070236482805 3303.8593790213467 3309.1781361968688 3315.7891367854354 3316.5132464236135 3327.5305432352097 3334.7101019629376
3346.447304234431 3347.4693263971744 3349.4500097833125 3364.194891182122 3366.3701205543794 3370.328807741395 3375.978228611791 3384.0493060891217 3387.0568003300104 3388.5504726598747 3392.406327388089 3396.3830479144553 3397.352050070405 3399.8689436143127 3400.189421400249 3407.7127723443623 3412.456864231612 3416.126123848312 3417.2999860483433 3418.6531332900004
3418.671734743822 3422.8511103149904 3437.406648878161 3438.307808724701 3440.197248709167 3441.696971076049 3442.42523065051 3443.0612061415 3443.6669552055178 3449.8166964836905 3451.9319343746893 3455.902573756252 3460.5528883117477 3461.750317380449 3473.6270731063655 3473.814941410158 3477.3923797407724 3478.265391579808 3480.4128831557136 3486.295122402039
3487.097262047648 3487.8040514207178 3490.5355308735398 3498.966340051416 3500.26666110279 3502.3474413699164 3508.488697955424 3510.9391094747534 3514.1851388416776 3519.82061330113 3520.773250295347 3524.1099036897085 3524.5021559505717 3524.6682035626995 3526.6553683920333 3534.8792417101604 3536.667169851616 3539.703032899717 3541.3393468477216 3545.1571793407957
3549.0014625752174 3550.9566378432964 3551.7903497959323 3553.34734963192 3559.136459202412 3560.8393556189053 3570.912948172821 3571.967578985621 3572.5080973772037 3574.451774426952 3579.223402386833 3580.8604564025736 3584.6493119749225 3589.9598113916477 3592.2716756676164 3594.730213628338 3595.3112845728783 3605.2307717818567 3611.400120458812 3615.839056767406
3624.573415910117 3628.9287054420793 3629.775959219974 3632.5712119967866 3636.1929075163102 3642.0107087795695 3645.498182206055 3650.2265579457126 3650.4146958701067 3651.98088180092 3660.965605410279 3661.5213207864904 3664.4578137841645 3669.8786429328657 3674.332581312081 3676.761529237682 3677.253070466905 3682.494319651155 3683.6368290201926 3684.628875530308
3694.2535215432713 3696.4972915293547 3699.4377164195503 3705.566671075583 3709.2842644272882 3712.5696938281017 3714.898626012758 3722.111986587249 3728.946991606882 3741.8396617466165 3751.7217516052115 3778.2273953927815 3791.5052768304845 3794.359920767477 3796.618511743376 3812.639934991722 3821.710002153056 3821.77185339823 3832.524295776605 3834.854374894514
3844.8022976755738 3857.610343535606 3861.3383468545703 3865.826777227398 3883.4105307942536 3892.4971991957423 3893.960186436144 3901.3971343162702 3904.5145779523773 3929.6803045355564 3947.0039839081514 3951.251206629073 3976.597443354353 3978.174151842272 3991.3110687133526 3997.1710209114917 4002.1185473624932 4002.641470705758 4005.5433798582653 4025.437041370313
3726.8286241425617 3740.8207601887775 3742.3152051310003 3748.3194260212426 3759.3600106648596 3771.64482680178 3782.40015578688 3787.80635517186 3804.4512300398724 3804.559497658191 3818.3770210095445 3820.565176697329 3840.8981346125006 3856.5941964355598 3858.2417340216457 3864.286622338208 3879.530518128429 3881.5228279841162 3884.8141421142977 3885.745891277508
3887.8098909347846 3903.1032373191542 3904.426056330509 3925.155364786512 3934.1854866137305 3935.7429482249327 3943.4365856144927 3946.6950001107457 3958.823044978731 3961.4135623278626 3963.5416424033897 3988.301971776095 4015.950683245837 4016.929375742343 4018.8472176983623 4037.0107068891025 4043.6285990962597 4044.235732212066 4047.8215284986372 4063.6314207381583
4067.1993093117176 4068.0814539607713 4069.019999321113 4069.362179342335 4071.090698268174 4085.7390842589502 4089.394011114067 4102.967371629713 4108.873776650548 4121.131915247901 4121.975655537002 4127.234360893729 4128.909309727883 4130.837913751439 4138.655400142931 4139.784325144687 4146.436468376484 4150.144275020015 4150.710173599243 4151.668589641835
4161.622021491218 4171.487210234482 4172.376548280049 4174.830019861696 4175.436119580462 4178.80136798595 4185.03886061282 4185.626281088445 4191.728785363238 4196.977501123171 4199.449774200201 4199.821269136915 4200.080181108124 4205.183964737341 4207.488956834508 4225.188519786441 4234.553494806936 4240.700472954449 4249.548601128338 4249.7185124878015
4251.841852017505 4254.0962700430855 4254.690145517075 4257.269504471262 4264.400598004071 4278.978616779884 4288.052592618391 4289.366004684336 4289.772312476495 4290.576568294469 4290.764113584751 4290.899527614935 4294.444414224273 4297.095946204073 4298.160016304736 4304.546588701533 4308.553783814077 4319.10658176097 4319.273568874113 4323.731243296889
4331.582732402062 4340.48478254004 4348.798818986691 4350.515628148469 4357.286961268206 4359.328422881932 4360.741779422819 4365.539063555976 4365.6144466944015 4367.525451004673 4368.163300511123 4370.146203391857 4370.787962912266 4371.090457645643 4372.842920929065 4386.821863907175 4387.488632497818 4388.81555838213 4392.1962575189955 4394.156124331773
4395.4038874914395 4397.880034783374 4400.201347026889 4409.345363115533 4411.413639669859 4412.925050217958 4419.818497444498 4421.129808469685 4427.560133310654 4432.474168810875 4433.528613590591 4438.2217117257815 4438.966031923255 4439.202594451248 4447.353000249929 4448.46876437555 4451.206638009618 4452.801754920993 4459.749163300437 4462.224557418966
4464.628746322173 4485.000355542209 4486.021433761398 4487.559960864077 4487.645608298655 4488.150785262662 4488.869705008999 4489.700124518625 4495.154607898047 4496.12351233063 4500.845148273249 4507.227024542045 4511.352655436942 4513.857484612295 4519.207525482614 4519.503754291472 4520.941084564551 4523.380470055815 4524.919521596396 4529.474496234401
4534.379393960978 4539.454105942335 4540.06191660883 4544.220697105213 4548.709654258927 4550.804418335743 4554.320686509054 4556.441927336924 4556.47142754975 4561.074816331548 4561.634494993273 4567.3651340908345 4574.900586018057 4585.886799600007 4599.188832002989 4614.824891378136 4618.038453897313 4630.944870208895 4634.968543295902 4639.322134208031
4639.563108009182 4645.93603030215 4653.844068097517 4657.106229289181 4659.374015214187 4660.896523029165 4668.849117734645 4680.659899066579 4685.0210626928265 4692.388645045602 4692.856342161796 4694.735971911526 4696.509421616608 4700.194679753288 4713.680017022426 4720.861068393113 4729.489006662852 4732.397575257152 4733.266079673077 4734.066675034758
4741.621992486746 4743.063728986904 4743.477618656284 4748.019461659617 4750.9356330305445 4763.475478982076 4766.04539830371 4768.446703697403 4769.55901347686 4774.988129151248 4776.213448123873 4781.3395853857355 4787.107672411046 4788.402212441807 4797.129744010325 4819.568966589277 4820.7272790056395 4831.476518867293 4832.071101287444 4834.791710170019
4835.917247937393 4838.844189676789 4840.411964258713 4850.394607425998 4852.4031030426795 4864.649408615497 4867.351128475456 4867.651806737049 4868.446860418071 4869.445406756172 4871.645093930943 4879.491471576855 4895.632510940707 4895.83779256723 4900.440466455609 4901.923310125898 4928.662019638133 4929.793175878376 4936.9433711188285 4937.572402947901
4945.048354906453 4951.500302738854 4953.423375951607 4958.996417284276 4961.030453396275 4961.61772108632 4962.679348868102 4973.532598166776 4976.089409389376 4986.675592806131 4990.5096798629465 4993.034395495304 4993.964920825381 5004.364119354598 5006.655517097651 5009.3071918007045 5017.431470331383 5021.089984012083 5037.68576496945 5037.81428051127
5040.304791180895 5041.579347678514 5042.288399969065 5050.513045203748 5056.172958732153 5060.972830812254 5066.217497135206 5067.699699190953 5068.311565356751 5073.917232686451 5074.692560882729 5075.733962931761 5081.062574405089 5084.0999667829965 5085.92631224787 5086.672728579491 5089.815697065261 5092.847460500389 5107.870102838542 5108.353904277935
5114.547289383892 5120.471506444481 5122.08032282369 5124.869079472626 5137.05569948389 5147.720863681907 5151.915719896278 5155.245318682696 5158.751467287079 5159.37078438862 5161.838801586169 5165.290561597273 5165.63752636543 5170.468662216892 5185.236640429246 5189.986642551065 5190.022872958972 5192.9294143058205 5202.337313155984 5202.7743649980075
5203.795989257368 5204.03242998967 5204.518410604063 5210.623547266941 5213.696398091881 5218.466739767049 5223.324792668816 5224.328862944606 5225.99434166383 5227.772714569792 5228.38831874446 5229.69559864306 5232.743513423813 5235.107979689402 5235.209129397324 5236.214616374566 5238.2151693386395 5240.411791256054 5240.499109192058 5240.666979559504
5241.15135575631 5241.193433909499 5241.204813832222 5242.660583737693 5244.711097698527 5245.479119111119 5247.8547124117595 5270.164539341226 5274.075488185609 5275.899358001537 5277.838075830156 5278.145692294619 5283.082409222284 5290.8185879660305 5293.009743221796 5294.190446516161 5299.731789814199 5301.086626019694 5302.014747167249 5305.374056037685
5306.3765244451215 5310.337811198107 5323.744229610924 5330.681066952146 5331.720351146861 5335.82761950894 5338.1468522053165 5339.697010213953 5343.255137797097 5349.110064096019 5352.466315300138 5362.277856825613 5366.103990201322 5369.469996666087 5371.845086984735 5372.559569556691 5373.322718985158 5375.7639589198625 5376.6940309159945 5377.273106053411
5383.527789795083 5383.998847665529 5387.229376620326 5388.598213396982 5390.668258989061 5393.6995226806575 5395.988371382754 5405.542837847841 5408.878213333463 5408.9292454638835 5414.852050042146 5414.931241935663 5420.370076386841 5421.101721508248 5429.132518142923 5429.676885389693 5433.833169351492 5434.943255044492 5435.438854928541 5436.018562296316
5440.973250847033 5446.854809202317 5448.779141387283 5450.941974341155 5451.782943386575 5453.571339698961 5457.037915961505 5461.8654455804635 5463.22026666035 5465.727679456295 5469.985897827323 5476.121292217176 5482.486101506697 5483.83004852835 5497.123652429306 5498.660597590617 5498.882619570374 5499.447879089989 5504.391122161488 5507.056650236054
5509.044430312358 5517.874186642333 5521.057017627505 5522.204233162506 5522.986882462565 5525.175635631756 5525.767182706219 5528.507143944678 5533.228985315531 5535.1029623762415 5542.86834777964 5548.669397404292 5550.556039777603 5551.753445123892 5553.449827595064 5557.896018788364 5560.1092452979865 5560.95384449095 5562.910777379328 5563.871533193534
5568.242718763605 5573.499484763812 5586.219998677488 5588.657584784334 5589.956389978063 5595.175966009677 5596.463959875251 5603.802856239942 5611.012662609783 5612.400880504392 5613.286252805483 5617.948354370086 5622.293976278461 5622.453969737323 5625.239708096964 5627.228989536304 5632.737419417668 5634.236361709418 5636.389049782131 5639.688849085035
5641.498670718551 5645.412634702321 5666.130738644068 5669.723966145191 5678.59421544068 5684.508444957298 5686.5712757936235 5687.524091338004 5687.727277887277 5695.751143472031 5701.310410633081 5704.146152001986 5706.403178671651 5711.792598860962 5714.955416129453 5716.325338027437 5724.794126123353 5727.063612361933 5734.621714305019 5737.899862089969
5741.237794293335 5741.768951764624 5748.10853622448 5748.355828030787 5751.82325550339 5752.348095018035 5754.488524305715 5758.747864933661 5762.558057713837 5763.0804472408045 5766.190456312834 5766.340816020363 5768.641523589713 5771.441168590543 5776.08730125787 5778.291656929676 5778.712969628829 5780.419462021251 5785.75267699819 5789.1915478656965
5789.287384842745 5791.897150945721 5791.930264033804 5792.044035978179 5795.558942388659 5796.5029153940595 5797.97330700769 5799.908572958645 5806.249167534189 5814.846516696053 5818.517793749187 5825.460549692521 5830.872847182201 5834.437828543109 5838.453324261654 5849.820750205286 5850.375454964335 5857.263041481022 5860.9626873102525 5866.0614979284765
5868.77395444575 5869.420409604852 5869.9768268091475 5870.958227030265 5878.86162701445 5881.130170762335 5892.795205269201 5901.795805007002 5906.312975118385 5915.378066735954 5923.511000489995 5926.101502767651 5928.509782476037 5932.909036551749 5934.255904628273 5939.893814693428 5940.184910997375 5954.7781575433555 5955.278590946811 5959.147923134073
5960.347698975693 5961.883951298929 5966.325496989371 5967.879374229472 5970.707415717681 5975.738143058303 5977.7494609178575 5978.458183538757 5986.600033339351 5986.86558014857 5988.107937946061 5988.320640768578 5996.430966659236 5999.245722971026 6002.17089413057 6009.514091414939 6014.14037056911 6018.043480703568 6019.625635971116 6021.895037354873
6025.449505070869 6026.3375786926135 6026.369014084153 6027.627720445088 6028.71573368198 6030.531659398099 6030.665786572772 6030.876807990516 6031.625093975151 6033.246152725117 6037.226754080506 6041.339550634433 6043.567929531894 6050.478252701615 6050.685093493601 6053.093550008317 6056.759586541811 6059.7452334647305 6061.959211308719 6062.857499895709
6069.052650802472 6074.624041033571 6075.258727596345 6079.804373989501 6083.632476648475 6086.1636629904515 6086.764288760968 6089.720084628406 6090.625425219268 6096.028026301758 6098.3696379735975 6099.021255832297 6101.599744207823 6101.773475048605 6102.115196213028 6115.6767689316 6117.922276305613 6120.869751943594 6120.930693416624 6126.049936628464
6127.90588595911 6129.326045731211 6132.915701817312 6136.113719205483 6137.940285029582 6138.084241782472 6143.832154473008 6145.699400754394 6148.097462471508 6157.548355675214 6166.417770784153 6167.735067092125 6170.072858866405 6170.634896974948 6182.9871220483265 6183.844498064484 6186.103965137203 6187.046353486711 6204.671803352506 6206.831870737279
6210.731828395152 6210.825032551377 6211.027271030992 6213.2932611573 6221.845537872519 6225.215435491962 6226.901987370969 6228.2284569565845 6233.7342322468885 6235.260414248347 6245.109128652199 6249.336424989103 6252.067745220161 6256.619264367742 6265.910746707766 6279.696042312422 6286.144880611654 6287.938653187639 6290.204628600421 6294.494403670057
6296.346057122943 6297.80085761875 6298.73076697632 6301.1295039618635 6306.316130307242 6307.016284902531 6308.919669808171 6310.891019579312 6312.269157561749 6324.935163896546 6326.5535133156945 6340.460815435043 6342.683356827638 6343.114589274347 6345.262422127349 6349.588903431059 6349.790811449903 6351.124270051777 6351.671753280276 6356.010408941124
6357.479381590619 6361.327607288166 6363.950246386222 6364.716078035175 6365.27748633245 6370.199490456739 6372.90382091153 6373.062023786312 6373.477493744202 6379.788390529124 6380.916936013727 6384.778462356453 6387.138256154628 6399.4531056743335 6403.261632034451 6408.868183507763 6413.822303652258 6426.76536043063 6429.722456160888 6433.637616686981
6433.985183554666 6434.275856430696 6438.36316441441 6438.638667237632 6440.950698364965 6442.209456725667 6443.24449359217 6445.553837894125 6447.623565594438 6449.330089023138 6456.633423641676 6462.553040074521 6464.92643690577 6467.386379754911 6467.735902946801 6468.601088145895 6470.694051585171 6472.055371808651 6478.6630962620175 6483.153227053897
6483.155335388169 6490.7685643459245 6504.576656285201 6511.045000684893 6514.197110483283 6519.459253022588 6520.73555847193 6523.70982090702 6525.498694310719 6527.08918542053 6531.158546938745 6535.316930283429 6535.946007348241 6553.468908106215 6556.2142506653845 6562.891409168431 6563.3063266331255 6563.763143076304 6575.194378103639 6578.91024312166
6579.656081223224 6586.690707774971 6586.988486951652 6597.2823635228715 6599.308176706012 6602.902108838967 6611.057111757979 6612.08284912581 6614.813930355849 6618.730377633189 6635.629343277216 6643.465874816916 6649.190120077622 6655.3211370883855 6655.642908223967 6662.180473476117 6667.569199394489 6670.550856022168 6673.169792413487 6677.394304497022
6679.478566621951 6680.870980042977 6682.816398680374 6691.6133083103305 6693.004558360739 6694.826393036586 6696.527456513245 6701.835932105186 6704.250121552059 6707.295470536481 6710.339947059682 6711.864412689754 6733.186655881427 6736.299103213396 6736.304299609642 6736.351937624648 6742.910280806473 6743.719409640977 6746.743908765477 6765.965899242007
6780.968421168708 6783.782345594776 6791.287758966009 6791.881863932613 6794.29693239298 6795.691665939565 6802.360516177656 6806.069382798521 6806.086855060709 6806.457250276859 6814.69813925672 6821.042393088791 6821.691204560777 6821.993277394249 6826.915751410844 6846.339071130781 6847.249614016478 6848.113836187232 6848.126832539965 6852.6379155949335
6855.547566163753 6855.624560214314 6857.172768629412 6857.288441527718 6858.97726325309 6862.865095110458 6869.508332325902 6870.4236056158015 6877.606178060839 6883.177790539936 6889.858739478171 6895.401742628918 6898.475173538731 6898.777303243701 6900.5843122016295 6906.350237159339 6908.822871842299 6911.051735858193 6911.479108834588 6917.146274030448
6918.769048346457 6921.483137771779 6921.922894421685 6926.558233808036 6928.170582145852 6933.033749123102 6934.316648261782 6935.710578297071 6936.618089575271 6944.578847720429 6952.543540940711 6953.24836481527 6957.082313612277 6980.028336780841 6987.578742658193 6996.213265685116 6998.491519870865 7007.529055800546 7012.502472068969 7013.054255100533
7014.047290741694 7015.167648775517 7028.706210298614 7028.714554625023 7037.802726851167 7045.363114844141 7047.943072175725 7048.237683007665 7051.009444503742 7058.29774723981 7080.136078005804 7092.4511281971945 7093.955091230263 7095.400144388374 7098.616989617963 7104.62502355627 7108.753783436447 7109.261524864197 7111.4533793409355 7116.350867340312
7116.920705292799 7122.230041577435 7127.214196852765 7127.72045542313 7143.047186118003 7144.07093058826 7146.162662056392 7151.085670119739 7151.160832523463 7154.33452119876 7163.085227553321 7164.591870452046 7165.742643523184 7173.580351777964 7183.9480665404435 7186.842306550494 7196.08763088536 7197.786540008103 7199.50203583268 7207.975388988959
7208.066978115525 7209.4262628621145 7213.06498944385 7220.092393099668 7221.939898762426 7222.789084128301 7222.905561876543 7223.941914349085 7229.045702650713 7231.37648660925 7233.084907500398 7237.178380176955 7239.840917227026 7242.752666736272 7242.903701273866 7242.9329484052305 7243.791931819732 7248.346962130399 7253.453291224748 7264.798895397182
7271.732105805056 7274.624198105325 7286.273507662782 7288.435158061508 7288.478120715022 7295.591273839531 7296.83136783158 7298.74286800474 7306.561453658781 7308.030925160827 7313.7362228507645 7317.022241083603 7323.278400275313 7324.520244097324 7327.435870624958 7328.440250345034 7329.150067623919 7331.5800286842095 7350.595271422902 7351.8279998984935
7353.177290895619 7356.724712899445 7363.969125758751 7370.624010317365 7380.920776963208 7381.43798387679 7382.284075520402 7391.421044808779 7393.729882105231 7394.792402902377 7395.812726018224 7403.175275534904 7405.189657264296 7406.379772125973 7407.290976402866 7409.047815698839 7414.2065820321 7424.5785859727175 7426.843985803451 7428.535330246753
7440.115417130526 7446.999996933279 7456.184399578021 7460.19551191863 7471.581105537012 7472.651986895591 7477.049107378521 7482.539480281406 7484.657521084936 7489.882385365906 7495.280888549369 7498.789704020697 7502.564015897604 7511.008313717362 7513.311554960384 7515.227715564682 7518.571946521819 7520.991127195823 7525.447195858073 7525.558499639236
7531.379099448022 7532.032545698101 7536.091680342073 7538.975286371461 7549.462507900665 7557.5445812549915 7560.657801174121 7562.218310966386 7572.118064587224 7575.120304556349 7577.253700987492 7584.115902488122 7584.391957100459 7586.982270586266 7599.096584121119 7610.3377222603895 7612.093871367609 7622.690154061377 7626.222221723009 7630.24482585344
7638.016783785967 7652.100081442157 7657.346271783607 7660.434555148931 7661.233845522835 7663.922950218641 7671.405104702361 7673.70152262155 7683.804467108612 7691.20664422403 7691.575290075712 7697.199777644702 7705.849911888905 7707.0758719173045 7713.824121789307 7716.951243388006 7718.264685915249 7726.034058018164 7727.561349439612 7727.8088468702035
7745.634812939623 7750.934318680665 7754.653889714542 7764.59748632039 7764.718840456168 7767.561421883585 7776.429396649345 7778.575917123952 7784.307313432917 7785.7374438962015 7785.7424897079345 7798.723837445695 7810.819083999342 7816.196891686053 7821.961856968158 7822.211977767507 7832.980860426652 7835.379225546938 7838.010150604151 7844.800965755733
7851.287505417391 7853.454905878077 7855.1330808982475 7857.368786060864 7870.91967673306 7872.463950793275 7889.91189247147 7893.706413925017 7899.237638632336 7901.682599888683 7911.10177467561 7920.313426753085 7922.083993543873 7924.772677059123 7926.591554109275 7927.613751697191 7929.98460294023 7931.207464922029 7941.998889787344 7953.5367081575805
7588.922235034826 7604.235338167543 7626.940502866876 7635.995745727755 7645.001267484025 7665.383887179628 7678.18123985238 7680.122105561785 7737.79057442123 7745.932163438355 7756.5602439862605 7821.940268823655 7824.888715248055 7826.866904891662 7829.754527880609 7864.949665202631 7884.232311062019 7884.481161203553 7887.029940831276 7887.271940843428
7896.783802218145 7898.531668222971 7899.9105904705 7914.597006071828 7915.114930380764 7916.095312620149 7925.6846373527615 7937.25338319895 7952.008281731112 7956.784432343291 7957.233483184856 7962.7108327239885 7966.794249203912 7969.320443770118 7969.4835639390085 7971.306190471403 7973.373037960724 7982.930629195818 8002.757191161143 8005.312201132676
8010.169839116782 8011.385521019703 8011.967733042222 8012.843165087908 8021.0155787556205 8021.075020858687 8029.101585586116 8031.532334720272 8033.110908439948 8038.220353103414 8041.225421380128 8046.842783572247 8053.557397083377 8056.396131920855 8057.582390803416 8058.442276339857 8062.822688034289 8067.0160579161 8068.691725690555 8069.790481697991
8076.640160720606 8081.4483005064185 8082.561459457256 8082.7795300517455 8088.007125733673 8093.800598234061 8096.7500758194 8114.659335489531 8119.750102209004 8121.673311844788 8124.491249856528 8128.480106015269 8129.0192562336815 8143.234590992546 8143.502219152458 8152.442843812087 8154.956233233784 8155.626942145101 8156.544558382476 8163.307113622108
8164.888994390602 8166.02197520764 8166.22256301704 8178.378152081596 8182.267153548382 8183.110464075544 8186.73258790808 8190.165885638367 8192.517694901766 8194.067157148154 8207.90736985353 8217.669237239534 8231.785258897982 8232.584695379226 8235.867598913135 8246.81532748546 8248.052545607357 8250.677591618334 8259.36848087007 8261.547314384956
8263.75565714223 8269.51327421636 8272.271022908604 8273.80657531144 8282.305286450026 8285.67950028411 8288.083913870183 8291.777762265454 8295.22008642604 8299.402920930394 8307.517823151251 8308.081681817615 8315.113707189645 8318.994353665545 8319.510731265405 8326.672073895163 8327.529940729934 8330.368987430329 8330.488568422057 8335.17949060784
8336.686703263318 8339.704570688391 8344.497450320547 8350.466889339312 8356.936381992236 8359.426776278855 8363.47718593696 8373.438131393093 8375.226293267577 8387.677634477503 8389.248052123476 8392.292406283315 8399.204580153746 8403.10292062831 8409.828762175153 8411.968706245418 8412.039968159044 8412.309744491 8415.031030480377 8421.66745206771
8429.010611492207 8430.760348629468 8434.891750942643 8440.598343697326 8444.055123255015 8444.6487951509 8453.870440346504 8459.905795714782 8461.072259984887 8461.194255362258 8468.053847551293 8470.859340981167 8474.383511786746 8475.931646269582 8477.89695734511 8479.890114880984 8484.899936434906 8485.054082353008 8487.340050757775 8499.666381747627
8518.925972943469 8520.302133763686 8526.786502861638 8532.846003925495 8533.438355066444 8533.873778868558 8536.65903171301 8538.326562494161 8538.792443832914 8540.469437910959 8542.2290712709 8544.22973340181 8545.173039186408 8548.903534256844 8551.858225286796 8558.944054227524 8563.172836639105 8565.196978424201 8568.017212675719 8568.471649604433
8568.852613980687 8571.198948965934 8571.451054913705 8584.691178753927 8592.813489041928 8593.021163612939 8593.10120707824 8596.81468141865 8598.471649719171 8608.600079478852 8615.146186707396 8618.252638304428 8618.76568712344 8623.909491694354 8628.999509775567 8633.48260451574 8635.185768330635 8643.44483593616 8645.890601015642 8650.502881298033
8663.072679787896 8664.451596018274 8677.097825264367 8686.384543156568 8686.736698828408 8690.976252457285 8691.187769862954 8691.820161016149 8694.635822855058 8706.98988739434 8709.115074252992 8717.063992934072 8718.784256911396 8723.742095289685 8724.014023712702 8725.421961435623 8729.336742285555 8731.987943981154 8760.745276035783 8761.728757127874
8764.691984916755 8766.734925483983 8769.431872221996 8778.329126633756 8778.59777497054 8780.827253365323 8784.610510940845 8786.913727794365 8790.507529521063 8801.207106301938 8803.082218053245 8808.8893115083 8811.580651075235 8814.368914798883 8816.818043638325 8817.263213622382 8824.041661711086 8825.100111915943 8826.085914324965 8832.349240041787
8835.799413252724 8836.926328168085 8849.819407402389 8855.27345423262 8859.346509630615 8859.554372304112 8866.336589257138 8872.433192509265 8872.46769051412 8877.100871739092 8881.807952692147 8887.418016999936 8891.899677881358 8896.512029670406 8899.188837302678 8902.015284820436 8902.381936382866 8902.592709366038 8904.024785414047 8905.169124810061
8909.403744369232 8909.794575483123 8912.533552070885 8916.659244914534 8919.140503591732 8925.06143778083 8929.02823431232 8929.471584518402 8935.649370635403 8940.716320537787 8948.75350045942 8949.190324467894 8955.796311123966 8967.709698719416 8969.580568613772 8972.813617072929 8977.006753673726 8977.362132496746 8978.172434787324 8980.794828496579
8984.268762945876 8985.662783228147 8986.895604968788 8991.307591204864 9001.392638892099 9002.358453706836 9008.986298805357 9009.571794743579 9012.929011584361 9019.685503255538 9026.14636957832 9035.243191630374 9037.627561237252 9043.509600280826 9044.686965440082 9047.385643168487 9048.249888777133 9051.243804601123 9056.953206310367 9058.02528020363
9062.521241542936 9067.58982515771 9085.997538994941 9086.773092012716 9087.56022597179 9088.658523476179 9090.620371424124 9097.402327841344 9109.933110647728 9111.778419863327 9112.890135034324 9121.192014093554 9123.552810079927 9125.161199557113 9125.500340920315 9126.901003566638 9131.500120369867 9131.754560157187 9132.158982026314 9135.205485660292
9152.509916634936 9163.555181814594 9172.448139168313 9187.261161283584 9198.858212401643 9201.286958695448 9202.642289765014 9202.938879969204 9203.973791422548 9218.01024575553 9221.857937856246 9221.922519891703 9224.99498670342 9229.735656331835 9233.144720463042 9234.655452100711 9236.669432756882 9236.971447164377 9243.892571570248 9249.330487380112
9258.315339066361 9266.207531516757 9275.336412218907 9278.599245471316 9285.419191397283 9293.700055191308 9300.19678898183 9307.27051629989 9311.47469122372 9315.190905047823 9316.889598196856 9317.742523184586 9320.006650453886 9324.601971718259 9328.414900474845 9336.921089012809 9345.017198571186 9350.1346667132 9350.222827188103 9355.584613398712
9358.234935053386 9368.857693746257 9369.389262089402 9373.715834032011 9374.508966761485 9381.205977728614 9383.093250791677 9383.773099485265 9384.20588459436 9384.348929733025 9394.057649899894 9402.908803192617 9403.567413383018 9412.200892312707 9419.452296768568 9420.474068226213 9432.019751631313 9439.096580521995 9445.82675766507 9447.143752952954
9448.816026464798 9457.176752116395 9469.070412124942 9476.286609804129 9476.90745742795 9480.501938406898 9484.995907661134 9489.337126817312 9495.195654003885 9496.43566965738 9499.345713767381 9511.85551434607 9518.554858153824 9520.373046452169 9527.601517407544 9528.72478153702 9529.08273282032 9531.76973114625 9535.025705420121 9541.189026450586
9544.537782925656 9554.83561258295 9555.320048708192 9562.044247618587 9562.571094242001 9564.420470690678 9570.599625921086 9572.921075602017 9573.40172195413 9574.648818685142 9576.924811596835 9583.743816848093 9594.05601911667 9594.446465228097 9596.772885986153 9597.674668945425 9597.802034698154 9599.24000888387 9605.17410269114 9607.735027068218
9610.785026121803 9611.08382331781 9621.034788534405 9621.588771270786 9630.01820354021 9646.643470716697 9653.444945091313 9653.509746137534 9659.05137014369 9659.151048697297 9661.064751922027 9664.384626183572 9670.225472141341 9673.601126158268 9676.271067777712 9679.201593176595 9680.54755463978 9680.979352300066 9681.342542277638 9681.733926860563
9688.463256807596 9688.549284265055 9691.8075117889 9693.642316533516 9694.300706517182 9694.398949469669 9697.12556336672 9704.21827717004 9709.698140717854 9709.780870664179 9716.794894342713 9717.080420939892 9717.109925478082 9726.987401674836 9729.731248451224 9729.791310553348 9731.696817683023 9734.888490443074 9735.392655167398 9740.572405914285
9742.03974330426 9755.385493675643 9762.83739812507 9763.409109544582 9774.012925595798 9778.755536432134 9782.011974872132 9785.122629838303 9786.680562381143 9802.228466653643 9802.98286146725 9806.86235448018 9809.538826431119 9815.256539058928 9820.207553228176 9822.514755500804 9825.842650708128 9826.600098582405 9829.387785568195 9830.987485409918
9832.61854551254 9834.509293214518 9842.849075632812 9854.204624687873 9862.049258631694 9863.733502539751 9873.985876136598 9883.896596206865 9885.983433297915 9889.030817567145 9889.329142823097 9907.767433217123 9923.058672250141 9928.241156293703 9934.41201770637 9935.65898199309 9937.547185966063 9938.502606269174 9948.36087007884 9949.151614656184
9949.53332217128 9959.258862807244 9960.30842886142 9962.010604434789 9963.450962295155 9966.029193167566 9969.142079160909 9969.536897894694 9972.321022565278 9972.435136767526 9974.14917915704 9977.283966041743 9979.208067715437 9981.916764147665 9988.837992461322 9991.408407506276 9994.255238769176 9998.057169343285 9999.036870854965 9999.884483662723
