10.791212862953925 14.766673736914537 16.88082557931736 71.37818281672259 76.1102645296674 83.90566318104086 84.84012938683283 114.78805147868142 123.6531607001512 134.13060964655222 136.11228754970116 147.38892194607 152.01163475104363 159.04993327930163 179.30286157007868 195.87011146401156 202.98764721370932 212.27103060856624 215.5176080908583 238.47448611992726
244.37994472307102 251.40306161552607 264.4572836602765 269.0209590061654 273.83654354047326 297.477828240027 321.7791436421413 326.54272207634506 353.584034979586 371.4635276646383 373.2600172861522 381.0234434597637 384.9629895937135 399.7118982816095 436.8000836086749 440.7594077503352 444.4095793289171 449.44599724385694 452.254814015679 479.7056284908052
532.3858598460985 563.7118593958745 563.713502565264 605.4680458204975 633.6078896846298 658.2987133514595 660.6017087557569 732.4082999859827 761.3117069892251 772.9092509459879 787.8782348024549 790.8299760591219 802.7449585446711 831.2168009626197 834.3757796035045 850.5197875492987 870.2515881801776 871.8165568576086 873.3350986300137 878.4668506334103
889.6036718585653 898.1328341990835 902.5274069156919 952.8192582764893 953.7146576055344 969.762387095694 1014.9377801970671 1030.8968329109646 1038.5441786334438 1062.0096792223565 1108.32711527199 1131.3052820209534 1156.6513704621295 1166.799630424905 1171.7040257392453 1188.6573034432379 1193.044672619985 1197.8100140587267 1199.9589047430236 1229.5015116834672
1229.8425002663782 1243.768319725449 1248.5344788556363 1249.1264755755394 1254.1951442443976 1256.1855624283357 1261.1130783382873 1371.0510407479549 1420.669857128153 1446.9840832640068 1507.5213586259972 1518.0517781869141 1559.3246402266536 1561.4646579531477 1563.0847450698082 1569.1642682112395 1593.5542343969612 1593.966373951673 1618.713045791158 1635.0379428485874
1644.7149916852666 1654.837416834689 1681.3924333027508 1703.3629705390385 1724.1245947190498 1730.2120146369004 1767.2601599512127 1823.3559416217292 1826.197221345559 1858.3962006534994 1867.945409303108 1877.580704320617 1882.7978623059782 1911.417170449583 1913.6813666815888 1916.7447493378243 1921.5619808860129 1921.7251518771038 1925.3448560565544 1939.9469601418773
1943.196563351931 1959.8927403457933 1971.0518483773953 2010.3259674607154 2036.8616228846226 2051.106414145837 2071.0172087888823 2080.4407166508877 2096.120459374965 2118.378938406408 2128.5311835320654 2145.3422644456377 2213.579057847883 2225.243969097028 2239.3904814347275 2256.0947102574514 2269.50490065738 2291.0052500362244 2295.4359148361614 2298.1660108203396
2337.46572122163 2349.949759837704 2356.0949019315944 2371.0156992457596 2390.3448357218995 2406.9123185198005 2417.8251089385326 2527.3147121187967 2547.418951185738 2571.9614416218237 2597.007076870965 2604.1053440673 2611.2510885946194 2616.360948479215 2620.5515846732906 2627.063839783186 2648.270448654426 2654.8944094800063 2664.413022472579 2683.5844616459326
2719.5726277467847 2730.909809602864 2750.9287731899335 2760.223553588538 2764.2110984551937 2786.884621733554 2804.246217929682 2804.9304898922387 2810.818955435984 2927.3611001389377 2954.8900107437657 2963.0409223284582 2969.728433040334 2993.0859701874315 3010.2910994825093 3077.004925483784 3083.270863381725 3117.775099729915 3162.288809256495 3176.5479793315953
3182.281439671393 3191.3356192061706 3221.9331827434285 3231.898155034604 3235.9126719091346 3267.36135943256 3287.8860279706123 3316.5132464236135 3375.978228611791 3387.0568003300104 3396.3830479144553 3437.406648878161 3438.307808724701 3440.197248709167 3443.0612061415 3449.8166964836905 3478.265391579808 3490.5355308735398 3514.1851388416776 3520.773250295347
3524.1099036897085 3526.6553683920333 3534.8792417101604 3536.667169851616 3541.3393468477216 3549.0014625752174 3553.34734963192 3559.136459202412 3570.912948172821 3574.451774426952 3579.223402386833 3611.400120458812 3615.839056767406 3629.775959219974 3682.494319651155 3683.6368290201926 3694.2535215432713 3696.4972915293547 3714.898626012758 3728.946991606882
3741.8396617466165 3751.7217516052115 3812.639934991722 3832.524295776605 3834.854374894514 3844.8022976755738 3865.826777227398 3904.5145779523773 3929.6803045355564 3947.0039839081514 3978.174151842272 3991.3110687133526 3997.1710209114917 4025.437041370313 4037.0107068891025 4044.235732212066 4047.8215284986372 4069.362179342335 4071.090698268174 4121.975655537002
4127.234360893729 4130.837913751439 4139.784325144687 4150.710173599243 4161.622021491218 4171.487210234482 4172.376548280049 4178.80136798595 4185.03886061282 4185.626281088445 4199.449774200201 4199.821269136915 4205.183964737341 4254.690145517075 4290.576568294469 4304.546588701533 4308.553783814077 4319.10658176097 4357.286961268206 4365.539063555976
4367.525451004673 4372.842920929065 4387.488632497818 4397.880034783374 4400.201347026889 4409.345363115533 4419.818497444498 4421.129808469685 4438.966031923255 4439.202594451248 4448.46876437555 4451.206638009618 4464.628746322173 4486.021433761398 4487.559960864077 4500.845148273249 4507.227024542045 4523.380470055815 4529.474496234401 4539.454105942335
4540.06191660883 4567.3651340908345 4618.038453897313 4630.944870208895 4639.322134208031 4645.93603030215 4696.509421616608 4713.680017022426 4720.861068393113 4729.489006662852 4741.621992486746 4743.063728986904 4743.477618656284 4768.446703697403 4769.55901347686 4781.3395853857355 4787.107672411046 4819.568966589277 4832.071101287444 4840.411964258713
4850.394607425998 4879.491471576855 4895.83779256723 4900.440466455609 4929.793175878376 4958.996417284276 4973.532598166776 4990.5096798629465 5004.364119354598 5021.089984012083 5037.81428051127 5040.304791180895 5041.579347678514 5042.288399969065 5050.513045203748 5060.972830812254 5068.311565356751 5073.917232686451 5075.733962931761 5089.815697065261
5107.870102838542 5114.547289383892 5122.08032282369 5155.245318682696 5165.290561597273 5185.236640429246 5218.466739767049 5223.324792668816 5224.328862944606 5228.38831874446 5235.107979689402 5241.193433909499 5241.204813832222 5242.660583737693 5277.838075830156 5293.009743221796 5323.744229610924 5362.277856825613 5366.103990201322 5371.845086984735
5373.322718985158 5375.7639589198625 5383.527789795083 5390.668258989061 5395.988371382754 5414.852050042146 5440.973250847033 5446.854809202317 5461.8654455804635 5476.121292217176 5483.83004852835 5509.044430312358 5517.874186642333 5521.057017627505 5528.507143944678 5542.86834777964 5550.556039777603 5551.753445123892 5553.449827595064 5557.896018788364
5560.1092452979865 5562.910777379328 5595.175966009677 5612.400880504392 5622.293976278461 5622.453969737323 5639.688849085035 5641.498670718551 5645.412634702321 5666.130738644068 5678.59421544068 5687.524091338004 5695.751143472031 5741.237794293335 5762.558057713837 5766.340816020363 5768.641523589713 5780.419462021251 5791.897150945721 5795.558942388659
5834.437828543109 5838.453324261654 5850.375454964335 5866.0614979284765 5869.9768268091475 5906.312975118385 5915.378066735954 5926.101502767651 5940.184910997375 5960.347698975693 5975.738143058303 5996.430966659236 6021.895037354873 6030.876807990516 6050.478252701615 6059.7452334647305 6075.258727596345 6083.632476648475 6086.1636629904515 6086.764288760968
6096.028026301758 6098.3696379735975 6126.049936628464 6137.940285029582 6145.699400754394 6187.046353486711 6206.831870737279 6210.731828395152 6210.825032551377 6235.260414248347 6249.336424989103 6252.067745220161 6256.619264367742 6279.696042312422 6294.494403670057 6306.316130307242 6310.891019579312 6326.5535133156945 6342.683356827638 6345.262422127349
6349.588903431059 6349.790811449903 6361.327607288166 6363.950246386222 6379.788390529124 6413.822303652258 6433.985183554666 6434.275856430696 6440.950698364965 6442.209456725667 6462.553040074521 6464.92643690577 6467.735902946801 6470.694051585171 6472.055371808651 6504.576656285201 6511.045000684893 6519.459253022588 6520.73555847193 6527.08918542053
6562.891409168431 6618.730377633189 6649.190120077622 6680.870980042977 6707.295470536481 6710.339947059682 6736.299103213396 6736.304299609642 6742.910280806473 6780.968421168708 6791.287758966009 6795.691665939565 6806.069382798521 6806.086855060709 6814.69813925672 6821.691204560777 6826.915751410844 6847.249614016478 6857.172768629412 6858.97726325309
6877.606178060839 6889.858739478171 6898.475173538731 6908.822871842299 6917.146274030448 6928.170582145852 6957.082313612277 7012.502472068969 7014.047290741694 7028.714554625023 7037.802726851167 7058.29774723981 7080.136078005804 7108.753783436447 7109.261524864197 7111.4533793409355 7122.230041577435 7143.047186118003 7144.07093058826 7151.085670119739
7173.580351777964 7207.975388988959 7208.066978115525 7220.092393099668 7286.273507662782 7288.478120715022 7295.591273839531 7296.83136783158 7324.520244097324 7327.435870624958 7328.440250345034 7381.43798387679 7406.379772125973 7428.535330246753 7446.999996933279 7471.581105537012 7477.049107378521 7498.789704020697 7513.311554960384 7525.447195858073
7588.922235034826 7604.235338167543 7626.940502866876 7635.995745727755 7645.001267484025 7665.383887179628 7678.18123985238 7680.122105561785 7737.79057442123 7745.932163438355 7756.5602439862605 7821.940268823655 7824.888715248055 7826.866904891662 7829.754527880609 7864.949665202631 7884.232311062019 7887.271940843428 7896.783802218145 7898.531668222971
7925.6846373527615 7969.4835639390085 7982.930629195818 8002.757191161143 8012.843165087908 8038.220353103414 8056.396131920855 8088.007125733673 8119.750102209004 8124.491249856528 8155.626942145101 8163.307113622108 8166.22256301704 8178.378152081596 8231.785258897982 8248.052545607357 8263.75565714223 8273.80657531144 8282.305286450026 8285.67950028411
8307.517823151251 8315.113707189645 8326.672073895163 8327.529940729934 8339.704570688391 8363.47718593696 8375.226293267577 8387.677634477503 8389.248052123476 8403.10292062831 8421.66745206771 8440.598343697326 8444.6487951509 8453.870440346504 8474.383511786746 8487.340050757775 8533.438355066444 8533.873778868558 8538.326562494161 8538.792443832914
8544.22973340181 8545.173039186408 8558.944054227524 8571.198948965934 8592.813489041928 8593.021163612939 8593.10120707824 8618.76568712344 8628.999509775567 8645.890601015642 8686.736698828408 8691.820161016149 8717.063992934072 8724.014023712702 8731.987943981154 8766.734925483983 8778.329126633756 8780.827253365323 8825.100111915943 8835.799413252724
8896.512029670406 8909.794575483123 8916.659244914534 8919.140503591732 8925.06143778083 8980.794828496579 9012.929011584361 9035.243191630374 9044.686965440082 9085.997538994941 9088.658523476179 9125.161199557113 9126.901003566638 9152.509916634936 9172.448139168313 9187.261161283584 9201.286958695448 9203.973791422548 9243.892571570248 9249.330487380112
9278.599245471316 9285.419191397283 9316.889598196856 9350.1346667132 9355.584613398712 9368.857693746257 9402.908803192617 9480.501938406898 9495.195654003885 9496.43566965738 9499.345713767381 9511.85551434607 9528.72478153702 9555.320048708192 9570.599625921086 9574.648818685142 9576.924811596835 9596.772885986153 9621.034788534405 9679.201593176595
9680.54755463978 9694.300706517182 9717.109925478082 9735.392655167398 9774.012925595798 9802.228466653643 9825.842650708128 9862.049258631694 9873.985876136598 9907.767433217123 9923.058672250141 9935.65898199309 9938.502606269174 9960.30842886142 9962.010604434789 9963.450962295155 9969.536897894694 9972.435136767526 9988.837992461322 9998.057169343285
