18.11594796012117 25.155725643970506 25.70369558723362 52.968814906183546 114.7118623618737 128.4344147280836 131.03663194082404 149.04729473173893 192.15030402876087 200.89451142429436 203.62813437764248 204.64463641010178 216.62499639792497 226.36226179645337 227.11416211195322 232.07022004348653 234.46394604763165 241.829576094168 268.1985781876428 286.81552905525876
287.3957004758354 306.35292865219486 311.0030007849329 323.8078360159835 341.9541627030753 344.6120151660781 352.05609017636476 362.9673457695959 390.28235853279415 392.3137939175658 421.7498007659981 457.32035866617224 462.8844679151567 491.30133092952445 494.20516438690277 499.3257779442528 499.44882847401726 505.991079637067 519.8501474392814 522.2740469520614
613.1527550157679 622.7069550516628 632.0114584525616 644.198971988964 648.5294058385005 652.5949756683092 660.5653830773128 761.2773218224067 823.6802940757736 852.7621792130924 874.4051258998376 924.6590176991576 945.7422395454118 949.7332716122042 958.0518813621964 962.8546672838389 963.6104638698173 1017.3114782828285 1030.3273859466856 1032.9590830463853
1034.875867660412 1053.7037611948563 1076.986653795683 1078.6103445845986 1089.1914665474035 1110.7365412500503 1115.5269655888844 1119.8399784283397 1152.1574742673856 1157.0196168350433 1157.4247366376123 1177.8031845406222 1185.7177603296698 1186.6992197014115 1197.4978926844992 1299.3272799061263 1303.8204470059966 1304.9015724681424 1304.958452662316 1335.959846727962
1348.1061822977126 1353.0256155277732 1366.1682295772237 1379.747732479708 1394.1905459169434 1437.4305403459164 1442.193575820182 1473.3085727306616 1483.626229002919 1519.1063400074645 1526.607186678821 1545.127707030528 1560.4883925999213 1563.0763185088804 1565.2116554213646 1686.6502110972924 1701.8860241101963 1711.1493138102153 1715.2899698774404 1727.740764625333
1734.8137849653301 1749.8876010372578 1753.54183651802 1755.789556442342 1759.766154634591 1777.7756117651022 1805.8422053880774 1816.327574502935 1827.7906318036419 1828.5565657343516 1832.5885835812062 1839.662086766718 1841.117490004367 1859.3303574176457 1902.669695279441 1929.6112255289954 1938.014885027849 1947.1632367127222 1947.2780589232175 1957.32313156061
2022.3013293922686 2025.6528489028324 2031.0219233620285 2034.057533002378 2108.8182626476437 2124.0579851319385 2136.1459563449403 2139.669319120503 2147.145222934278 2161.163815512199 2164.526212632232 2181.2764601306435 2187.2280221251526 2213.15484436567 2218.4855200816824 2218.8426700670016 2221.918716930571 2256.811356683146 2257.5837839599744 2266.927682314772
2267.828121247665 2327.43093822779 2330.1978893315754 2361.2347954729553 2392.773442362012 2416.9168747016447 2419.711970913575 2427.7356331358933 2432.0570839775014 2446.6305168302492 2447.263526769005 2461.8642138243076 2468.4267596257146 2484.601439243824 2506.521214391619 2572.7822674731806 2593.434771190467 2595.338714790372 2636.7454538038605 2637.0111560395126
2650.5288399078186 2651.7529286935405 2668.6362505490315 2697.6830398910747 2716.6293109459825 2719.6665871419077 2722.6752322044954 2750.059640345608 2770.695161945486 2770.7231295363845 2837.0671017678073 2837.7567709485097 2840.9711911835357 2897.8898255117147 2923.5995285310514 2924.769339994099 2925.0443363014833 2941.3395271225786 2970.499232720016 2988.673045400052
3000.4383553039283 3001.5715387024975 3009.6258750190664 3021.342878210961 3024.888437409504 3034.3290503410426 3034.5101655207473 3038.401485030928 3081.082548579518 3083.080269821633 3094.4295950967203 3107.548160454576 3111.4339896345878 3127.0106292865785 3129.9731705286104 3135.37934262046 3141.1472219169946 3168.9538011437344 3175.813116625873 3183.4480043566614
3184.6217006981815 3195.5087463037726 3195.700977796934 3247.955588034027 3251.7430766385737 3286.659017339282 3308.2103811505235 3315.375394790181 3325.229439070152 3347.1747992152054 3348.364557596082 3356.415718801221 3367.5442326854377 3371.037902029409 3372.8689503969435 3375.6924671747847 3391.0604068535054 3438.3019984054686 3494.4124114037436 3502.272243962705
3514.2238762487377 3517.490116984077 3529.7060369344003 3531.6674960408777 3540.3627700452134 3543.29314881925 3548.607045125579 3559.8173697473303 3587.126451462834 3588.289029280315 3588.411424804667 3622.4823859539333 3625.1097282752266 3631.764617490698 3649.6003843792832 3680.4933851928668 3681.045379651088 3693.4279093471823 3726.588179643656 3743.2649622958293
3747.653160335369 3753.4625048105063 3769.5959487635155 3776.222449162282 3797.0363982991607 3838.6301545001243 3838.7459725517692 3871.6338621502878 3884.8130743058773 3940.0168986109106 3953.4393540735014 3963.8961273930795 3966.47696956142 3981.9620956308922 4029.07901687524 4030.6820442407975 4054.1227702504534 4060.0207226527887 4064.1172314292685 4070.6895600807056
4081.1226516871957 4186.078521710191 4190.571306313843 4200.063207724956 4202.948830174288 4208.655420641795 4208.788577688653 4216.916416971091 4236.84962487695 4238.7816676782795 4241.9172224397735 4265.71406769618 4267.736399216335 4283.336326660183 4291.849434096137 4297.762423820305 4344.312503530639 4397.676630894898 4401.0386132332615 4403.495109366147
4405.842435880659 4414.463473539558 4415.669949060597 4463.0002789811815 4463.8823441624045 4506.708378665645 4512.309166149904 4531.576866406989 4533.165691773099 4570.556285431623 4579.007508870316 4592.414091750157 4643.79771499625 4658.295405134631 4667.521833195332 4699.288334875965 4737.679770570481 4752.54551045538 4779.710368984151 4815.7889817964115
4822.265796062473 4825.958795972918 4840.794602712922 4858.794638096316 4867.648957382652 4877.865358530747 4897.801657034274 4916.2665511436335 4918.045417563062 4918.916261469692 4969.5538874569775 4971.517531303309 4974.225151160291 4976.5778402390515 4988.347753516868 4989.844912257645 5029.140585518771 5035.455843652011 5041.06025071327 5045.10499676568
5054.702193370652 5074.196162800172 5088.5024291561185 5113.320342200484 5120.4624696188985 5171.729112058137 5178.697407379071 5183.643786360553 5194.545344902195 5206.806706829124 5232.21484475609 5274.915753361586 5294.073948932131 5297.368509076009 5352.464748955053 5363.998069673869 5400.577419158322 5412.445191476935 5420.074169068989 5449.755984114754
5471.989450192033 5515.199489055414 5532.799296775434 5560.03833474165 5584.936610826855 5585.45376054183 5602.9892983800055 5624.768882732969 5627.242592531155 5627.27595410428 5680.361699625716 5712.840644153729 5724.707864680152 5730.682713654701 5735.507755203949 5736.130843946621 5763.155505869357 5766.101547438427 5780.175718204644 5809.873092577706
5819.783052726812 5822.497807243587 5835.3898426193 5870.695253589675 5878.02306175233 5882.822585048677 5889.3717222141395 5913.154537883518 5940.773772109335 5941.638351489525 5946.37054773305 5964.699789673742 5965.265587170788 5966.889029186346 5975.341636615838 6010.332099035939 6031.4361335952835 6070.3764919193845 6112.411249331916 6132.4925836862085
6146.653971022282 6150.726334525666 6153.721650091002 6159.502646390408 6183.230287546962 6203.914241176642 6207.0480841292765 6246.296038684212 6282.593046855466 6310.977138160776 6315.010896446859 6318.450560752417 6320.106491573713 6326.4456240692 6334.363491699923 6386.0788668296955 6399.449307063614 6402.143729154049 6402.243112601233 6485.997208993728
6517.431559081014 6525.381062876035 6579.444373159342 6598.411989959238 6630.713699811341 6683.089114156985 6698.440409191029 6717.683117111724 6783.1357145872 6794.571635468794 6800.837577518471 6830.83935160704 6856.010541926041 6864.981312171893 6870.739110284696 6872.942447869063 6890.818401498883 6894.536887425405 6901.01700995017 6913.222917490667
6932.09497188907 6977.959162358732 6990.316834467073 6997.3479293455275 6998.050072404643 7015.838928025688 7037.75143053223 7039.962321115579 7108.767025252356 7149.727037291223 7149.964642755098 7157.386633641921 7190.143031327384 7194.25564849656 7202.589680246471 7218.293219512998 7219.725048802878 7258.70620110897 7274.300184269256 7275.690463300185
7286.7221074391455 7322.8875269826785 7334.600356928571 7343.215665524661 7344.508053322916 7347.938902078811 7355.981643970719 7362.768014623873 7424.984715433645 7427.256772010976 7490.70600564026 7512.30493053186 7535.918162650307 7553.962469808557 7557.230961796297 7557.517958564132 7583.730019884283 7597.237223834346 7612.145715179883 7614.91906478851
7621.665667191621 7628.596459363548 7650.091315805514 7655.646870778633 7669.167060761113 7687.849750735924 7742.138864425049 7748.98280700519 7810.463337581742 7823.4957470334775 7866.67693999332 7869.888919077368 7890.93263471594 7912.201115846562 7923.812456384647 7956.506128213402 8013.640325571486 8024.599881647338 8045.84084300915 8069.925842437024
8083.058292236903 8088.049278955067 8088.3328305817895 8142.7706343544005 8164.098748016453 8196.338164841362 8201.167780062531 8202.993369765078 8203.750795412016 8212.46593009358 8216.495457441135 8231.525602495089 8242.086471548431 8253.950838412826 8266.07272096435 8271.803196883175 8277.862280428013 8321.70177506619 8323.316013561225 8329.408336816907
8338.050588135773 8359.982325922198 8380.50655505319 8380.580630661307 8402.652173998838 8409.1458835883 8416.818425985992 8417.064890165067 8427.587521601214 8432.706807426739 8438.69292271268 8439.165232060801 8445.024139941805 8449.50838493409 8463.010290774771 8494.077327625111 8503.41315399932 8509.037782388348 8509.432624283856 8536.211450854877
8565.721844889656 8595.909338018439 8602.211152945212 8635.96031659368 8642.398281877546 8654.59419104341 8660.850986074194 8660.898607653393 8671.675364625593 8695.936726217875 8709.445997258008 8715.674073123877 8716.495961440414 8722.395942966383 8771.48366003616 8784.102777229207 8803.11243647277 8803.363227525306 8813.909637704972 8818.33642050988
8839.830732791934 8843.932887348503 8860.25261631456 8871.86412643923 8884.17958121363 8911.102079126647 8918.358622735832 8925.091163649777 8930.015093337093 8945.282217851416 8969.446001072076 8999.227274975285 9010.984734716489 9025.267147961067 9030.00793641372 9037.6951173509 9045.089776653904 9058.376318239143 9062.556501270627 9091.06530195538
9091.267139783498 9115.971638266132 9138.472641624056 9154.854567728533 9157.418274446152 9170.748450813968 9190.334993341701 9201.285810445119 9206.232453416238 9207.906660777511 9242.174983683339 9247.932392801613 9249.351576919726 9253.48892283857 9269.56389868417 9279.186490175518 9286.60832946443 9333.365552072923 9350.685649991867 9378.483930561837
9395.493108783285 9396.227429124274 9403.913801505676 9410.149223858645 9425.476927192589 9429.285242378135 9440.42460460015 9481.870543248931 9495.256593533099 9530.269273791908 9533.258129393407 9543.529749702819 9544.997842666146 9556.47062108091 9570.193670445253 9571.225763342878 9595.148808535308 9608.301868461072 9621.681857677711 9627.199110174472
9682.923684735804 9696.535605557388 9723.899368670185 9728.123935607367 9738.664183794359 9739.367314440595 9741.607124210672 9746.618087314275 9765.100768235505 9794.336520798342 9795.069903696041 9800.875274480491 9835.883368141362 9863.36702906275 9889.525942125381 9900.600897381182 9911.982433231273 9948.31058799801 9986.543381470994 9991.6587956708
