1.479390032385064 5.249879598625551 14.426191249027331 14.434666351715864 39.077404764769064 49.79282658895134 51.03687318120498 81.75310900578326 87.18155678704042 103.50052729962367 140.3738178131875 142.53791023997263 174.01203738527383 177.69697386178396 179.70472869789478 180.6476638471177 189.2894890890151 234.0276537249053 259.88614314121025 270.50442908643555
272.6396108004026 330.6699991841622 333.05963588864284 370.7497007461946 377.9039320466926 398.8655688577047 409.18678900817685 409.9564891995577 411.35250904186347 412.94720458529 413.47252673969325 427.3548859706222 433.1879474787359 446.72653836079655 500.18588276259266 506.2650384028322 518.8054725956881 522.1805675304603 529.4674960109646 534.4170720700181
553.4229998561647 555.2611640797122 560.142215545949 560.3773296867431 576.0563082154468 605.5805104193036 607.5672789326625 622.4886303114441 625.7443879673385 633.3517706208191 635.7242402686192 637.2683898796616 662.4707322749979 666.9023244451499 689.9137292500445 749.8133957352926 752.2941017813267 755.8472989677334 764.8927945776895 791.0031934017093
828.0003327059815 834.5547863510893 842.2598823543992 855.3503851627353 859.6157397854442 868.954440135663 890.4116309005317 919.5070498600444 920.0487130675527 931.3624108036245 972.1355038766887 986.1522420199809 1005.4604685040414 1006.7311711600369 1018.5120205947907 1026.3463571013608 1044.1597160812555 1077.7432648588315 1084.140820978886 1086.054491022249
1103.8518081966208 1128.9148967094286 1150.0945396112284 1155.2865487742447 1159.854415763114 1162.0496864851616 1175.4736863047465 1210.4464462640817 1214.390467640224 1241.1036578850976 1271.0810319898712 1306.2343608122694 1311.0447193131758 1334.8064611397658 1360.2456094896386 1366.0445564547952 1373.5944625773955 1396.9417178867393 1430.6191108118992 1499.6068693557618
1510.4032272986933 1514.43423223103 1555.0593393737488 1571.3156230326786 1576.289388192783 1582.6626008972987 1588.4918375456857 1601.2193696253273 1612.3110234797 1637.404675578167 1662.8374120589463 1679.9410876903353 1708.2107031303906 1712.311729306748 1759.0853723706489 1774.2125976693824 1781.871623477238 1784.4378875071 1785.4366735334781 1806.8696337765966
1824.4847000132302 1837.8241755033741 1892.51280032932 1905.5042210346462 1921.0686128513232 1936.7987768424512 1943.5119823491887 1962.6516617142286 1967.0225944378926 1980.82089107527 2002.4312491168505 2012.2282596909004 2020.3381808588915 2056.790919279159 2084.3683797014246 2086.3273693268156 2087.62746281836 2089.768025649578 2096.0259492601385 2099.5470228338963
2126.3667108344152 2148.5315525755154 2195.479275058765 2197.737712378439 2197.8294623833494 2257.4370832032296 2258.576632432827 2279.076976534171 2280.324199940654 2291.8728671427402 2293.957686095327 2295.441159834136 2316.4248956926967 2321.036445898601 2340.301898998608 2361.4454459094936 2369.6947187337546 2390.305276569297 2406.0701771868985 2420.197376859573
2428.394589317746 2428.911394450283 2456.329690753305 2466.2452500376153 2507.459835540864 2526.7506221732806 2526.859457651892 2529.332730603151 2532.184556806384 2574.424572512154 2576.0130228755406 2578.431329748464 2598.541642526637 2600.2407644179116 2612.635000804422 2622.096593659691 2648.5099793197355 2665.297674967829 2671.2826038656976 2693.8331700498175
2729.0761234544434 2730.523167375236 2738.273236418638 2749.0686682696696 2750.129086295877 2752.5270488389488 2775.079186979793 2785.133358681959 2789.5703784351344 2792.1034139485923 2796.0206926829965 2807.491932725884 2815.01711301659 2815.476704647196 2826.912942996038 2840.500579102214 2865.578108943777 2875.2326928307016 2901.1252689629664 2904.4470502424138
2914.2087097229373 2930.289154601178 2958.1643393992076 2977.879968598829 2996.5017072393885 2997.7342337843247 3020.74876629018 3046.243998331152 3063.6097419745024 3094.5994705480052 3098.766584469821 3121.044828335956 3122.6051178251214 3127.6316580680864 3168.244079957594 3174.9598623284105 3201.9996462360214 3205.8111895978823 3228.8091411833752 3231.297425016756
3265.3897182920746 3291.199774319823 3298.517093686103 3303.8593790213467 3346.447304234431 3370.328807741395 3384.0493060891217 3388.5504726598747 3392.406327388089 3418.671734743822 3442.42523065051 3451.9319343746893 3473.814941410158 3480.4128831557136 3498.966340051416 3508.488697955424 3519.82061330113 3545.1571793407957 3560.8393556189053 3571.967578985621
3580.8604564025736 3594.730213628338 3632.5712119967866 3642.0107087795695 3645.498182206055 3650.2265579457126 3651.98088180092 3664.4578137841645 3684.628875530308 3705.566671075583 3712.5696938281017 3726.8286241425617 3748.3194260212426 3759.3600106648596 3771.64482680178 3782.40015578688 3787.80635517186 3818.3770210095445 3840.8981346125006 3858.2417340216457
3881.5228279841162 3904.426056330509 3925.155364786512 3934.1854866137305 3943.4365856144927 3988.301971776095 4015.950683245837 4018.8472176983623 4043.6285990962597 4068.0814539607713 4121.131915247901 4138.655400142931 4146.436468376484 4207.488956834508 4225.188519786441 4234.553494806936 4251.841852017505 4257.269504471262 4290.764113584751 4290.899527614935
4294.444414224273 4323.731243296889 4348.798818986691 4359.328422881932 4371.090457645643 4386.821863907175 4392.1962575189955 4433.528613590591 4438.2217117257815 4452.801754920993 4462.224557418966 4487.645608298655 4488.150785262662 4488.869705008999 4496.12351233063 4520.941084564551 4554.320686509054 4556.441927336924 4561.074816331548 4574.900586018057
4585.886799600007 4634.968543295902 4657.106229289181 4660.896523029165 4668.849117734645 4685.0210626928265 4692.388645045602 4700.194679753288 4733.266079673077 4748.019461659617 4750.9356330305445 4774.988129151248 4788.402212441807 4852.4031030426795 4867.351128475456 4868.446860418071 4901.923310125898 4961.61772108632 5037.68576496945 5067.699699190953
5074.692560882729 5085.92631224787 5086.672728579491 5092.847460500389 5108.353904277935 5120.471506444481 5137.05569948389 5147.720863681907 5151.915719896278 5189.986642551065 5204.03242998967 5213.696398091881 5232.743513423813 5235.209129397324 5240.499109192058 5244.711097698527 5270.164539341226 5306.3765244451215 5330.681066952146 5331.720351146861
5335.82761950894 5352.466315300138 5383.998847665529 5388.598213396982 5408.878213333463 5408.9292454638835 5420.370076386841 5429.676885389693 5433.833169351492 5434.943255044492 5457.037915961505 5465.727679456295 5504.391122161488 5525.175635631756 5533.228985315531 5586.219998677488 5588.657584784334 5603.802856239942 5632.737419417668 5684.508444957298
5687.727277887277 5724.794126123353 5727.063612361933 5734.621714305019 5741.768951764624 5751.82325550339 5754.488524305715 5766.190456312834 5771.441168590543 5778.291656929676 5814.846516696053 5818.517793749187 5868.77395444575 5869.420409604852 5881.130170762335 5892.795205269201 5901.795805007002 5923.511000489995 5932.909036551749 5966.325496989371
5970.707415717681 5977.7494609178575 5978.458183538757 5999.245722971026 6014.14037056911 6026.369014084153 6028.71573368198 6030.531659398099 6056.759586541811 6062.857499895709 6069.052650802472 6115.6767689316 6120.869751943594 6132.915701817312 6136.113719205483 6157.548355675214 6166.417770784153 6167.735067092125 6170.072858866405 6183.844498064484
6221.845537872519 6225.215435491962 6226.901987370969 6286.144880611654 6290.204628600421 6296.346057122943 6297.80085761875 6308.919669808171 6324.935163896546 6351.671753280276 6370.199490456739 6372.90382091153 6380.916936013727 6438.36316441441 6445.553837894125 6468.601088145895 6478.6630962620175 6483.153227053897 6483.155335388169 6514.197110483283
6578.91024312166 6586.988486951652 6612.08284912581 6635.629343277216 6670.550856022168 6673.169792413487 6677.394304497022 6679.478566621951 6696.527456513245 6743.719409640977 6746.743908765477 6791.881863932613 6848.113836187232 6883.177790539936 6898.777303243701 6906.350237159339 6911.479108834588 6926.558233808036 6933.033749123102 6934.316648261782
6944.578847720429 6952.543540940711 6980.028336780841 6996.213265685116 6998.491519870865 7015.167648775517 7045.363114844141 7051.009444503742 7093.955091230263 7116.350867340312 7116.920705292799 7127.214196852765 7151.160832523463 7165.742643523184 7186.842306550494 7196.08763088536 7223.941914349085 7237.178380176955 7242.752666736272 7242.903701273866
7271.732105805056 7308.030925160827 7313.7362228507645 7317.022241083603 7323.278400275313 7329.150067623919 7331.5800286842095 7350.595271422902 7353.177290895619 7382.284075520402 7393.729882105231 7394.792402902377 7395.812726018224 7405.189657264296 7407.290976402866 7409.047815698839 7426.843985803451 7440.115417130526 7495.280888549369 7525.558499639236
7560.657801174121 7575.120304556349 7610.3377222603895 7612.093871367609 7660.434555148931 7683.804467108612 7691.20664422403 7727.8088468702035 7764.59748632039 7764.718840456168 7785.7424897079345 7798.723837445695 7832.980860426652 7851.287505417391 7893.706413925017 7911.10177467561 7922.083993543873 7924.772677059123 7927.613751697191 7941.998889787344
7952.008281731112 7956.784432343291 8005.312201132676 8011.967733042222 8021.0155787556205 8021.075020858687 8058.442276339857 8062.822688034289 8067.0160579161 8096.7500758194 8114.659335489531 8156.544558382476 8182.267153548382 8186.73258790808 8246.81532748546 8250.677591618334 8272.271022908604 8299.402920930394 8330.368987430329 8335.17949060784
8344.497450320547 8392.292406283315 8399.204580153746 8411.968706245418 8412.039968159044 8434.891750942643 8459.905795714782 8461.194255362258 8470.859340981167 8542.2290712709 8563.172836639105 8568.471649604433 8598.471649719171 8615.146186707396 8618.252638304428 8635.185768330635 8677.097825264367 8690.976252457285 8691.187769862954 8723.742095289685
8729.336742285555 8764.691984916755 8784.610510940845 8859.554372304112 8872.46769051412 8877.100871739092 8881.807952692147 8902.015284820436 8904.024785414047 8912.533552070885 8929.471584518402 8935.649370635403 8949.190324467894 8967.709698719416 8977.362132496746 8984.268762945876 8985.662783228147 8986.895604968788 8991.307591204864 9002.358453706836
9019.685503255538 9026.14636957832 9043.509600280826 9058.02528020363 9090.620371424124 9109.933110647728 9121.192014093554 9123.552810079927 9131.500120369867 9198.858212401643 9258.315339066361 9266.207531516757 9307.27051629989 9345.017198571186 9374.508966761485 9384.348929733025 9419.452296768568 9432.019751631313 9447.143752952954 9476.90745742795
9484.995907661134 9489.337126817312 9518.554858153824 9520.373046452169 9529.08273282032 9535.025705420121 9541.189026450586 9562.571094242001 9583.743816848093 9594.446465228097 9597.674668945425 9597.802034698154 9607.735027068218 9653.444945091313 9653.509746137534 9659.05137014369 9661.064751922027 9670.225472141341 9676.271067777712 9691.8075117889
9729.731248451224 9763.409109544582 9785.122629838303 9802.98286146725 9809.538826431119 9829.387785568195 9834.509293214518 9863.733502539751 9885.983433297915 9889.329142823097 9948.36087007884 9949.53332217128 9966.029193167566 9969.142079160909 9972.321022565278 9974.14917915704 9977.283966041743 9981.916764147665 9991.408407506276 9999.884483662723
