48.55680121540917 57.912746188764075 65.69939523953683 67.23259482279143 87.02681832219005 87.36195040381922 106.68850008077379 110.17321304199967 141.3086170323663 176.47212763909903 232.01182955467803 240.23200755852736 247.9340918975237 277.56435985607953 280.5053851063033 292.5163971871092 293.8264241683186 308.49116965894655 328.21772750867837 333.76564452655464
346.24176266138227 349.8347892715481 350.2108157687511 374.3117779872951 387.20050775582826 473.08151388620433 488.8347599626519 511.28941992075625 519.1499038287906 538.466832850677 545.5788092657455 566.5928847708846 571.5096627123928 607.1960545489441 615.1260885708621 641.4053311343038 674.567008240683 690.4255702929929 707.287538471888 714.2515983549791
732.9271360543255 737.2045325202458 737.6600007872503 741.7190769501947 764.9317536075062 772.5959349564126 833.0002586743135 841.5751821236595 872.1335265558927 878.5291095588454 878.9601815633097 890.5389466610536 899.7825955361071 908.4395389282429 943.606489394272 983.3806814913282 987.6172547729667 1004.4483410611049 1051.7866642978713 1055.9199035875276
1065.376206176919 1069.5173057575025 1095.4697112077915 1116.4757167502482 1134.379206711963 1136.4884111932272 1173.8793925387192 1206.6695496075308 1217.6684807729378 1263.2770556596406 1300.312659054158 1345.8172940712398 1348.4008933187054 1350.570917491417 1350.6553101896357 1375.3611313795643 1385.9190999584425 1399.0146926108393 1436.3001844564083 1443.777679445708
1462.3149160899495 1468.95094768128 1482.1397186101947 1525.68811612503 1564.9837941511314 1581.620894827468 1587.5772047826674 1629.6649636191974 1679.8419361829754 1686.6679403879114 1694.244775033621 1695.1162252665563 1706.5993597193751 1713.6649075394528 1719.8319403416108 1741.3102532478508 1768.5125086295516 1786.321847700022 1806.4425133462935 1829.757694646511
1878.475390017018 1881.239271189954 1893.8120607895503 1896.7537501560305 1934.0607405572118 1944.377920325463 1955.1896320382268 1977.242110488393 1983.192721662357 2023.6501814355245 2040.2997534805922 2045.4464244968628 2047.4914644482467 2049.277275625474 2058.5141747685752 2072.223985307751 2080.9262020810315 2092.0633797376754 2092.388974989562 2104.304422835952
2204.342953725059 2227.009245736228 2239.8054794630216 2242.4728576218454 2248.036803498945 2251.8258639355204 2256.6884072290495 2281.3802168817297 2376.650699991357 2380.512827450465 2381.043110818646 2405.8393678159327 2410.76949485282 2413.3198790455544 2421.1496054287018 2430.954022043139 2453.2085231960987 2473.1340234351574 2473.7921148885935 2508.9058647708152
2509.6467022041415 2549.76975078001 2580.5367172202477 2599.195297297012 2605.020775658985 2632.158316011839 2639.1286346178754 2640.920070980396 2673.7912266822927 2677.17640765046 2702.421147150249 2729.940131871563 2740.06707116083 2760.3280547691024 2768.29753783978 2802.318934009215 2859.9897455937653 2860.14817654611 2895.633379844146 2929.985933771475
2956.6967855134085 2966.660128551484 2995.148080255827 3030.0880576800027 3044.29193017839 3071.790598866899 3088.236392001856 3108.1350075745495 3108.3608115981087 3138.429497235404 3148.886275535534 3164.637117513275 3179.6266262553795 3194.5202674885963 3196.0230748748518 3203.215032068264 3247.854047560952 3250.92589574847 3255.617374015599 3266.1786063935615
3296.5261054882944 3307.03396076092 3311.0697266437096 3315.7094021121025 3335.0282159262433 3373.6626044881677 3377.8795200072154 3379.7580043493704 3389.8619428382003 3401.5185520645095 3407.431270746147 3419.5129739055665 3424.184787100526 3436.3544159508288 3452.573352263358 3467.133716646832 3467.7833007515856 3484.8016979735407 3512.9082903198573 3526.8656478405314
3541.542064529749 3542.6052350977698 3565.2074606818874 3576.5673828307363 3592.1753936135747 3607.7977244423078 3618.6951679999447 3633.5410495546816 3636.1105423319473 3637.190218613816 3640.0206519885323 3673.4985498766814 3681.4627542306735 3688.007279300699 3707.3221737948725 3725.6817859513703 3740.763627757353 3744.3165740239247 3746.4918146634363 3768.644211391773
3774.81722147764 3780.696469258318 3797.822497922023 3812.160762469181 3858.4002609218537 3877.252646910224 3879.8682459452316 3884.5688443418526 3894.0913746244055 3902.4120370265346 3931.2837824445223 3952.9012255866346 3959.0645745375195 3971.104316449785 3978.1170910981414 3989.854816959851 4001.1768503329226 4021.5139116786904 4026.758746226132 4049.769326418503
4102.2440028622805 4129.6655819439975 4171.922886137397 4187.758913750672 4196.624919049341 4236.618639990295 4245.198725658023 4315.5133414483225 4317.77079500302 4445.879758137564 4450.023128215404 4487.13330023164 4497.642510428845 4500.6012790878 4510.5963014584095 4511.475757011029 4527.046315926555 4535.185343417798 4538.389809407475 4565.833442861988
4605.919070984497 4611.748708661009 4625.085963101049 4625.572814027681 4626.688230327518 4642.319339304849 4656.14405616184 4663.178876805122 4675.434780090191 4714.110940359532 4735.2333367460005 4754.976895937164 4787.688139714471 4794.433565170826 4800.1515284024135 4804.229551841486 4812.080420519137 4817.45907286088 4820.080397636154 4827.570789155494
4830.323661520341 4846.34460442587 4861.5718513001075 4870.039076298442 4870.515084048516 4877.060500721853 4877.234597362891 4928.227512282721 4944.70112049859 5042.050142198088 5046.173441499977 5061.106397239131 5063.2143540417555 5066.754041441318 5078.246864472764 5097.619867741334 5112.261331634718 5115.389361744728 5120.662992712158 5126.20847981555
5129.251959081602 5184.04373320152 5185.155794908605 5192.06531455243 5193.577988944015 5209.023029429111 5210.888527776559 5226.903849216834 5237.288813607286 5251.110438785119 5255.783633924905 5273.6057418627515 5274.871686544208 5283.782642001071 5293.538784077819 5318.847100229711 5322.219857275846 5329.710965393132 5337.986849954131 5355.6040267675535
5418.131836195184 5418.2415310459655 5434.926700971339 5437.876314063722 5457.036868689758 5512.575624625095 5543.09341969823 5561.922093268764 5584.3308321377 5589.001651369705 5600.493697307098 5604.015518679936 5604.290617925456 5607.675625815424 5632.136797670625 5642.411762677652 5642.747065724597 5645.568913268737 5648.971417045722 5671.594507114573
5680.23637983767 5684.770982136347 5695.515458182863 5712.574397179273 5725.440223608418 5747.721850728435 5780.411580939323 5808.432387780277 5818.649839106291 5841.754450446299 5849.9400948874845 5860.538606031639 5870.594139591259 5936.961701507453 5944.628136883938 5965.4874339848475 5966.039370979236 5988.890805544129 6014.339947347727 6036.019552314904
6045.958705475714 6052.833914102127 6053.014527701845 6067.517922648712 6085.772772128912 6086.530398776066 6095.274679172016 6106.970609116611 6122.426422585223 6129.939474057773 6141.3958516579605 6149.554765762687 6153.5155466440465 6234.818426278055 6258.391201304776 6261.480330645889 6273.087734191123 6308.093415332748 6311.894351135292 6320.128435169082
6406.134373237277 6409.961755342108 6411.93012735844 6449.384566664125 6463.527168954446 6471.31381904119 6502.4064349127475 6505.544192062921 6519.715517724143 6539.093186914367 6547.58738315505 6581.84932391868 6601.6589628876545 6612.081223104662 6613.930481160362 6621.937072129117 6638.980673587892 6658.283875976342 6681.601330475049 6701.142910757826
6714.624074382665 6724.798829405821 6735.657228590082 6736.669765913301 6761.927240129503 6789.429372495212 6792.864853493618 6796.724933821219 6798.218063026292 6804.043173724286 6827.646239266849 6830.494806213908 6844.309828100388 6844.404922310895 6873.347700589985 6963.33468982284 6986.798178277717 7001.969522695416 7014.343038702934 7019.905132975641
7020.889105822194 7036.369586763328 7042.686530628055 7063.3710244985705 7087.945720704201 7123.100845421511 7126.070933209865 7127.7583884135975 7129.2806966207945 7142.046001094612 7164.758354737074 7170.034114514554 7188.393775846391 7208.298746525198 7254.418897758627 7281.179834748404 7288.6949246956365 7321.238369374121 7327.610615576113 7330.191362272868
7331.4679813655885 7362.903153110011 7366.793279340603 7384.224917048724 7388.172974514364 7390.814950820367 7420.606156898392 7424.710796150272 7464.445381270616 7464.821011255927 7475.022409239188 7504.095723902392 7511.540360693792 7526.95214562389 7536.8409389201315 7550.540571092344 7561.440913922647 7598.380698552948 7623.664163268351 7625.936239570633
7639.468964998903 7646.1640383958775 7649.407583235004 7652.834054496778 7661.501075790224 7661.915059220093 7668.306997870722 7668.499347535953 7710.433704119082 7728.760548164907 7756.939087574191 7765.960596220778 7788.626657336564 7802.684006841273 7805.8599096701255 7806.959510495473 7842.707101139253 7846.673970701104 7853.0329763549125 7880.8428283405165
7885.084752112457 7886.942480054272 7911.238410496543 7912.805875758952 7925.750086672625 7932.547709255935 7967.7437701111085 7968.904402272109 8038.5558200510995 8062.738603362396 8078.728345161926 8088.437204645104 8095.136864020266 8096.45819674549 8101.4139994848965 8135.184989711691 8136.823910961944 8168.748830840993 8182.319678107445 8183.796344614659
8194.645672345037 8213.352436432457 8220.455068128682 8231.703594209343 8240.566984720695 8248.760774897819 8287.514722209793 8294.754999998706 8298.043225983725 8303.863020120822 8316.717862218138 8363.087208278039 8366.147896901626 8373.896943005551 8377.674081818343 8416.274598558484 8455.519406266629 8459.288208512382 8464.592234231815 8469.979164545586
8478.136285314586 8484.066378583784 8508.522232234118 8515.364264751626 8524.740861120268 8526.323191869044 8530.141673097378 8534.609678659217 8537.001217028694 8545.708815642065 8559.106697082503 8564.79397062481 8571.52958829848 8573.98414575576 8595.524001831307 8645.520979333287 8657.309262476778 8674.954906098108 8680.000744894856 8681.41385835632
8694.399607155325 8704.24343462085 8707.132870170899 8728.567104341859 8756.173444735228 8758.396623692137 8759.7108964609 8788.774136833275 8818.832313727069 8821.066827938004 8828.648904230224 8853.815221654828 8866.907890124648 8872.487721010712 8888.271206964911 8920.585536330591 8933.238012232498 8948.715665265594 8962.875289961361 8982.882824295579
8995.014069619861 8996.121471781966 9010.625905833098 9020.319153238781 9051.502409720686 9074.320019863688 9111.749987337931 9137.52131338372 9147.465202543644 9154.577519695938 9162.21954188878 9169.325374324342 9192.932651929801 9218.424710536035 9219.970317663297 9254.631557769671 9254.632326417324 9282.097826669542 9284.43357963138 9303.400763103247
9310.888381914841 9310.980654731493 9340.198693184175 9357.222762599833 9377.99667056722 9383.432247351304 9396.349831848414 9408.728417833448 9420.089466129144 9455.441447347346 9461.033646630607 9473.594103079524 9497.481484773893 9512.71884835147 9543.66187933764 9579.179151562646 9619.204427264736 9653.91049786028 9662.604570888168 9679.597750964063
9683.345930342723 9719.72982984341 9725.43812540641 9740.133466687827 9758.624346608442 9779.712856102795 9795.620483749959 9808.565627171334 9815.873495683662 9828.804658515717 9837.458342708434 9855.113749445462 9874.461157844918 9885.157722093722 9897.3541153324 9909.95913408917 9960.75616723941 9977.808176210914 9983.605866599437 9997.539026579538
