4.560719441846217 11.150077134608471 17.549048561208423 24.53104753059265 26.247316339863545 32.95221408993632 39.243497156178364 49.23485454174647 55.98353671546818 60.70467431542603 64.04815055545909 70.23046030024017 73.29342277623164 87.77615248360293 89.39974766807413 111.9889214770764 119.10451753534113 136.0882755996906 147.55305771882553 150.92835371852797
156.62351436283473 172.8871636916096 182.71955785542414 184.2037007432795 187.13144217997413 192.82813927778975 217.15050448502305 223.16805529990157 225.02639464826223 243.83382692976463 247.53907011753506 257.1950546754442 257.43069860068914 265.5015890886936 275.36939487035283 300.3886956208701 326.26355156223474 327.68361347131014 339.1491216896958 359.283666240956
368.14195157223395 369.63587609917136 382.668008053626 393.6718421079477 418.4652730579541 432.3862321026917 436.89389779241304 446.9139698542501 464.7002252853172 469.04273227508673 471.93313687110106 477.3764816622761 491.31637444302487 492.2337972735391 494.95259688892236 507.44338452115124 513.6544018934663 529.6634392422284 531.3159823230518 534.7270808949867
552.4617457514203 553.6838666853716 555.35608590085 568.7154683912398 575.1297833526314 584.1883661050983 587.4388919995143 592.9747693114263 601.7042677362805 601.9319380429322 603.2491498631198 635.967560781796 641.3973219429581 642.8501316959456 644.1823244632538 658.8633725320692 664.8309012309694 667.3952519239623 675.2054388046369 696.1752124627851
700.7028314107744 712.9767615697547 723.2976677355351 731.766479575372 739.2261793873689 746.4549145898769 759.7516224291489 765.3533189470263 765.628616347619 771.2191232666465 778.4379125516772 779.3821219421948 781.4280247895067 789.6360651854218 800.8220485545158 823.139151624257 824.8643887769568 826.1891856794313 830.5898671053491 854.0433864876873
884.7193224362637 889.8604777491659 890.1284026557099 894.7232869572508 901.9790185568843 903.0210145654039 910.7610592071935 915.4871065703385 919.2201979889236 932.4832751620926 942.8649532139166 943.8020305244288 958.3926206205617 966.5263047501427 988.2364089043372 1004.7973614236272 1009.5605681202524 1009.9500111394566 1051.8770826705893 1053.1445257560445
1061.823459125697 1067.563168262925 1080.9619061931141 1086.2262530364485 1094.7185572682095 1097.9211769833507 1101.120100604771 1103.2462189626501 1114.642827658524 1116.4171572569148 1123.333510224539 1133.7955575680203 1134.1810451638835 1140.994365658884 1145.7544175484147 1174.3263027496432 1186.3254259759337 1199.7620941197474 1208.077615485592 1213.1884212371835
1221.4709698823833 1247.1375460676948 1248.8131065573616 1263.4170483520745 1271.6079141339353 1276.4268390446555 1291.7041417642383 1298.7905897167918 1307.37821114839 1311.074771211138 1315.0637850759883 1324.2912732860968 1364.3385422060273 1373.5063983732487 1378.7158423782907 1389.1620123621008 1413.800880051561 1423.3965048327811 1424.388004422492 1428.5147840524448
1434.3165605357767 1451.4277639629304 1461.3508217089388 1463.5733383073757 1463.6176329488248 1467.3485205369475 1511.643017201547 1519.6301859931073 1538.6869677505167 1543.476565855505 1559.0366543949342 1574.9343234511803 1575.0876800488845 1579.3644962314102 1584.9893231554247 1619.1684860589771 1642.320768417841 1646.31206354379 1651.558997648981 1653.1365988116354
1662.9933407952678 1664.695560825159 1689.7488854151777 1696.9889419730798 1698.008592515673 1706.1825410518384 1710.0323204544654 1729.6121539298947 1746.5022754589831 1754.0765264352253 1763.5974686712707 1788.3432710557367 1797.7066600940173 1819.0562944355936 1834.2918627369286 1839.1831441789132 1840.6236545214495 1859.164017144388 1867.8724956657666 1883.95288171054
1890.9055913224215 1898.6250808920713 1902.32925760359 1902.496695903063 1903.7823535092202 1908.1089805518259 1909.1131415410778 1918.048758665676 1923.6597219503449 1934.1143586844566 1937.8333055688336 1946.21160344028 1963.060038189598 1985.9489837789968 1994.1704204443965 2005.4027873800906 2006.28064738245 2010.987181365652 2014.5984479305569 2018.0321565981574
2020.6298252400202 2021.4467396400937 2027.944812652861 2029.888682651989 2034.3888143381516 2046.886036503428 2050.5574410347194 2052.647671017478 2075.5544483892995 2077.863763502559 2081.5921299452875 2082.243625053004 2089.488823547414 2093.8418386548597 2107.321254193476 2107.729676956185 2111.744992413126 2134.674023405315 2136.571002369921 2137.370171263735
2137.4721557064345 2140.984571737866 2142.529159538923 2144.351518205068 2147.155653128613 2149.537675489863 2150.7098729727504 2162.5139697328354 2162.746682623635 2178.4671930948975 2184.460707811723 2185.8353616866966 2197.443667050023 2202.8822092513 2207.1831942864783 2209.4846674204005 2210.316721914031 2220.1077441039265 2220.4254599441397 2231.3628209362246
2237.650891234887 2239.9011661984623 2246.4252799948827 2253.9734269344603 2267.6018015870336 2277.7653816813636 2291.7261268258094 2299.3943008580786 2305.3218516402885 2308.0377293491474 2322.409861050938 2331.081690791628 2333.0889101618677 2352.2384997968584 2365.4294534475075 2371.342030200694 2376.3051392460457 2397.5815148098377 2402.5252738488603 2402.5518647724166
2418.3680058341083 2421.5003426289395 2425.2324864487928 2431.0077183388403 2437.1192383029907 2442.550817611032 2444.490358698628 2445.4354366499374 2461.738909777881 2475.0090508613907 2482.255710358451 2482.287770443122 2483.8905373609787 2484.5691557589366 2491.880803394402 2492.1498684945154 2496.806452466219 2498.9390272293867 2500.4073805621088 2520.7689935921176
2530.7635489430045 2530.8183592136456 2532.8237705031297 2541.62947455433 2542.302098065361 2542.3541517786143 2542.4130936111733 2543.117618429457 2543.1707852112318 2548.079694917994 2556.4847467690543 2591.2438645426173 2614.1306882757785 2625.615639257175 2629.3132804479137 2633.5584432763712 2644.3108248043222 2647.2478445675974 2648.2102016262843 2658.061068009834
2690.6958424938653 2695.846372271317 2701.618968782724 2704.1616507508857 2734.4777759129756 2737.5911487718895 2744.1492314364777 2763.45208069817 2764.6001916034425 2773.8757496944754 2778.8204002679195 2789.7880784690055 2791.753211109459 2795.9445107789625 2796.309985419969 2809.959279599155 2835.978057681817 2860.520229135516 2868.5577802130238 2875.247541188364
2876.636046222848 2889.0493542993167 2904.780538621371 2915.4775848581626 2927.626844625776 2933.8962037159868 2934.612851834967 2946.382417784832 2947.5775992486742 2956.0794295754445 2977.088280414534 2986.6356363293858 2987.132356191227 2997.4512864638027 3012.2543054004823 3015.651927731514 3031.477321286445 3037.757748651654 3039.172260484618 3047.7132479793
3066.4228379369306 3068.6463603471493 3075.26887789313 3080.908001191954 3096.5371369716554 3099.0949826306137 3114.4917770062975 3122.9557854056843 3155.4313189301397 3159.1094594449855 3160.046741640079 3164.8289111732274 3167.2082348811814 3170.970683895805 3176.048307434205 3183.1854577288323 3188.4247898431627 3197.3282179355 3197.9067965718764 3202.4212223635195
3206.990620419983 3209.8334808639584 3234.4287797486504 3253.6451272400845 3257.707548293265 3258.1644672850584 3258.3691914330116 3258.719172491468 3261.00084684105 3278.2110442379176 3280.608965363273 3289.3962123831357 3301.2510626776325 3301.976450072838 3304.2101480714846 3317.74522205458 3318.28972750951 3321.91987634901 3327.2840200273567 3340.7898486954546
3353.6414976119654 3357.428703456612 3360.7426425536637 3383.5785468832282 3403.5599143927307 3406.5261523544277 3409.0084366306573 3419.296491582673 3427.1319639059507 3441.652816837828 3460.8935708520016 3468.4805812504073 3477.435944194257 3485.8711857447356 3487.39594101274 3512.9347171391178 3532.4898587154794 3535.3463969785535 3544.611746457902 3549.509740330996
3552.235823401302 3554.413715420868 3554.4290708944113 3554.527764234512 3558.450618626504 3563.938550166601 3569.1741541987553 3571.368048592647 3573.8776626256395 3577.7669843170133 3585.8485265761774 3588.954952466027 3589.1913347699956 3607.425506752242 3615.4374725828743 3619.075895021622 3631.101639415163 3640.963422411486 3641.4415779056685 3652.585699461166
3657.7704371174314 3666.3443671991213 3698.5218009386867 3722.1298989459374 3731.446028045031 3732.8628265020293 3737.2500613820757 3740.6891626942083 3750.3537302627265 3752.1955816257214 3769.619317414755 3805.3575937477103 3818.951841399514 3821.145356733375 3821.3928148405075 3823.628234152715 3828.025064409516 3860.3167900953927 3865.483801328 3874.6631882189617
3890.6741741351047 3892.5478486058105 3893.3044160191653 3910.9224199972723 3915.896734466775 3917.3293384663475 3924.802812446793 3928.670361263452 3942.972321937801 3943.2266792831206 3952.1999078053495 3991.244588148869 4010.1989473690346 4024.773793476982 4026.150074532351 4033.845483964192 4039.7904295635813 4044.657361039179 4053.295274504032 4058.52460720901
4064.7666691864615 4067.9072513055758 4076.1295978203084 4080.1812480891954 4082.267038671369 4083.903470684085 4084.00606335253 4091.821760976211 4092.9886883039503 4102.229555018394 4113.661215206275 4114.569971478213 4118.4740903429465 4120.666669438372 4123.889240537541 4161.44300332229 4164.346463800153 4173.702558787029 4192.483881470299 4192.996129514244
4195.824925099725 4199.310210826394 4203.771320734188 4208.631839163561 4216.824362398769 4217.011990670295 4228.114419464587 4229.906226301199 4230.606098768153 4231.36919971015 4247.5349708518 4254.941632148489 4264.703143861713 4266.713118468241 4269.985547887686 4274.827308743018 4284.159887920076 4310.601888281941 4313.247506705934 4313.621822405681
4319.400379686761 4329.479800556748 4331.026702453608 4336.6628933210695 4341.36522158155 4342.443626187116 4351.568807209657 4364.298485993105 4367.575668438138 4380.601653470478 4381.637635691641 4386.431715117455 4392.610278474869 4403.863332075874 4405.12190488674 4410.608515756493 4422.276165750615 4422.486152842308 4425.533387101526 4435.575073534282
4442.613112850202 4447.314015247156 4454.461254268286 4455.860455004214 4459.258531614059 4463.190753395226 4472.674158094828 4472.741835228082 4487.9087855332255 4538.46983418222 4540.600678147179 4543.342758707338 4548.589087484315 4565.338751827488 4568.619020187641 4568.973795643221 4574.259131152291 4581.2772220222605 4589.489061047465 4590.094791192597
4591.742888768642 4595.264045356571 4597.884530569393 4601.707085416175 4623.13892448058 4636.657018218363 4639.681026128841 4662.496312778606 4676.4968683143 4688.491711090121 4692.972376020927 4734.333251005944 4742.995349755346 4753.9507197742805 4771.936306432282 4774.765943706375 4780.716893484799 4781.0017362211165 4782.188765827114 4809.491026616551
4823.319588753869 4836.4191616246 4837.758603972111 4855.69876892448 4861.134293260887 4875.889432395187 4878.151518992402 4879.139877521746 4880.221729792194 4884.189323302337 4892.179985747797 4906.209591712928 4909.46480721831 4918.367489249589 4927.560890967871 4933.763283996487 4952.719994674385 4975.225828473508 5023.091335937951 5023.203798156443
5027.171453726668 5027.696523000008 5059.3077365065765 5071.595429288611 5074.39299394854 5076.420627794737 5083.542699742413 5095.871206375815 5098.420273897052 5102.217922853739 5105.723558159967 5121.695305841088 5130.506453681019 5136.534217242647 5145.76009214534 5162.147462985622 5178.298994210853 5195.298493869593 5223.886376378902 5242.5347163512115
5250.997854903361 5260.327041159431 5274.6825501472895 5277.043052521741 5288.104412829936 5292.383878720155 5304.276431269333 5307.616446149179 5308.615233257538 5313.586687190151 5322.655959524053 5324.111632415096 5329.114168790144 5355.551516435844 5362.402414824804 5365.123515416802 5385.291218435527 5397.814132394931 5404.264730064105 5408.946830489355
5411.3373115778695 5422.309982191364 5428.838556432218 5448.040293445479 5452.9042513108825 5468.468088765189 5470.714316669838 5478.559100397937 5486.8349245016225 5491.150635505015 5523.916309898564 5527.880426925835 5528.405183584367 5532.7294572626615 5536.596083032893 5557.91669120251 5568.457408522372 5576.385976172876 5598.40213898017 5601.6719936240415
5604.059416983994 5608.597147137987 5612.10042085793 5613.473902135819 5613.609629410765 5644.480822989764 5645.275839155795 5645.475526880796 5647.403450454881 5654.087466946233 5660.8748031094565 5671.569305953241 5678.111950338738 5689.0674612210005 5699.541898034632 5702.043036490802 5704.706951929374 5706.997876498007 5707.342091054744 5723.566472956499
5738.4739770304395 5738.872363264403 5763.667099038491 5765.820593147047 5774.311434835877 5776.074215586788 5778.215152741106 5783.230533673426 5794.752858000155 5801.894134598127 5810.785556744604 5817.45123935039 5826.870744419997 5826.962056917611 5836.8558953232705 5846.151182772722 5853.199284940794 5870.178144423158 5873.80566167819 5877.00772156572
5877.833731293364 5878.872917294452 5879.3398526991505 5891.660968323555 5906.788543166952 5916.472361568842 5930.013183401552 5934.314173548698 5941.4948634092925 5947.394681123782 5949.321135019519 5952.266604910123 5958.8515392754125 5961.556854916975 5973.178838570553 5975.330028165252 5980.714166718619 5981.157402340512 5995.047759340132 6000.5713055901015
6002.668628905621 6006.169844990048 6007.993165338958 6013.043583106377 6027.062481313831 6037.289102968917 6058.80114023358 6059.52444304679 6068.001295534628 6073.791646372929 6095.674114594237 6106.593352819177 6121.1318752856705 6124.819612502223 6128.1791116064705 6128.721061120461 6137.286684174536 6138.302392146971 6147.632885221788 6150.965522747647
6155.0067791091915 6158.688842762157 6168.332772087446 6169.50022213499 6178.750781070762 6182.486637742505 6193.378384598485 6199.312062994098 6216.357147008994 6227.486897730578 6227.6741460771045 6233.796495065537 6238.96259413224 6254.776928454422 6255.930760533144 6259.171025599739 6259.5349113137345 6270.805464023381 6279.6063659182 6287.974657696644
6300.947230648033 6307.658474751847 6335.064733526825 6344.946576287613 6354.054404700865 6368.80885403671 6387.719148815979 6394.554602678806 6396.027558476867 6405.485088474456 6408.404934672734 6410.301645134702 6414.8761382184375 6432.849244312399 6433.0617974643 6435.986907878275 6451.67976395929 6453.886677430405 6463.278647612469 6463.346004229778
6465.321762988304 6474.173443841208 6475.416229352503 6478.825383504655 6481.332869917979 6492.078578182541 6493.94759561014 6503.155252823164 6529.014545647731 6549.3463517089485 6549.852111064527 6552.057928482539 6563.258437736945 6568.366071397779 6569.037202769473 6569.137425955664 6576.761729843944 6577.937445276618 6587.215842005811 6604.131451134455
6610.144214883851 6620.738082461028 6623.1379793057495 6626.235741372474 6650.914616035561 6654.3564673127785 6674.354461986539 6676.527062216866 6683.076930848994 6702.665918387765 6730.415350064576 6734.783931627161 6740.553330771658 6752.145715739522 6753.150853824644 6754.948823212941 6756.270384569671 6761.200526356617 6768.957695119648 6770.485686504144
6775.4087325319115 6790.25120783166 6796.241604554202 6815.549713044658 6817.308261115986 6827.167775311299 6828.896687563998 6834.2491755279725 6839.011442755444 6840.256412067684 6848.66526663145 6863.665966256175 6867.43417928114 6869.864329617726 6881.414440751652 6888.269553717253 6893.212182841023 6919.818758186614 6920.972866781348 6926.210318619431
6927.627703455491 6952.748043711465 6953.616148756738 6954.225668248391 6954.999692746435 7002.562839747218 7010.244320498231 7053.100881361271 7055.184688830283 7055.518339754174 7060.505275060628 7068.790352803452 7073.788347935619 7077.182653911559 7080.078254095249 7097.791862462986 7105.510965968166 7106.666553490652 7118.563735444664 7121.5905865368
7125.7243046868925 7142.935407195554 7143.498955549303 7147.065454962924 7152.843507355753 7155.242651205822 7172.009851131833 7184.253003637855 7212.4958946483375 7218.272165537116 7219.494316434042 7224.995592265044 7225.990062229977 7228.617226955945 7243.687772307631 7245.882313461924 7246.643492140443 7254.415187755301 7271.052812531323 7280.75064528961
7283.36830008534 7287.554646770104 7290.217611823397 7293.480324244046 7305.245285977602 7321.407335177192 7322.157674017402 7326.685999454774 7329.2775391678315 7330.898626497543 7342.761314327417 7347.939988672081 7357.006985741012 7360.65136672275 7365.359692405852 7365.414112535955 7370.532360407023 7371.686104859316 7376.212519746138 7376.327915222395
7376.631083141981 7384.775726588061 7387.132018994803 7387.317759337255 7391.6924855842035 7401.519243802357 7413.345290546448 7414.6103219343895 7420.782871236354 7435.55943677948 7438.947929725955 7452.309825298462 7455.4131193245075 7502.778118808738 7520.894968019871 7538.17951888652 7564.268821878123 7566.606114072723 7569.002123621671 7571.69272305369
7574.074282749486 7591.528759567028 7595.969248768955 7596.979268553561 7597.707460180156 7602.864959381567 7621.018420902248 7624.950857031056 7627.921137526424 7647.231809607078 7649.065682072796 7650.604326258559 7653.785435030721 7661.359708078052 7691.839626305993 7692.556159779818 7699.143767170384 7722.867028597345 7728.42468652722 7728.471765828877
7731.714432481062 7741.404937046806 7763.196555067165 7767.020222137419 7776.983842234036 7791.52470140746 7797.483241306085 7802.948768569424 7807.445490823183 7809.254402806495 7809.6401630753035 7813.592646226456 7813.940581177721 7816.96620939914 7840.76718926542 7843.571843683195 7848.02686037503 7854.246939331041 7869.0317698031295 7869.967437577421
7871.207709745891 7891.454894417933 7898.467426583336 7900.536459357924 7901.160523807637 7927.230135996952 7927.687625656039 7928.756829582221 7934.908387468114 7937.360582140025 7939.147211828852 7948.852980872248 7951.887265282157 7959.903007300816 7966.34546976696 7969.150464963717 7984.566577477206 7990.513909773474 7999.043271848402 8006.9832502299905
8011.466264918806 8013.158064814028 8014.155371968287 8027.000012877635 8043.271388911302 8065.5035666938065 8082.842949725288 8102.717505312245 8113.606701542008 8132.148927670133 8144.085409402105 8148.307767062206 8150.989252473881 8154.393254307778 8158.70279215104 8192.911226922504 8237.473302558687 8253.629417717122 8264.074922813355 8280.616432223804
8015.746828368512 8027.367386418849 8057.675119087594 8063.212662231122 8075.947256412218 8085.459234209935 8101.134021179569 8125.302478537077 8139.296192161418 8160.42739440551 8207.756743058133 8208.632283965911 8243.61355750673 8276.300979750959 8280.986336055039 8294.123162685859 8304.873313059645 8307.710335753825 8308.316965004557 8327.645429987166
8338.200786217982 8351.809685550183 8353.133441300291 8353.778683893557 8365.113754454203 8369.636818942086 8378.970100524884 8393.940976885313 8406.971619852327 8414.558712603566 8419.802149545776 8419.93630305384 8443.159597133834 8452.161812546869 8460.175153132299 8462.494169052225 8468.928337552521 8484.122681208919 8485.044289689225 8499.575414413755
8501.527349711301 8510.128648695538 8511.545951750764 8515.68049137318 8520.810685362118 8524.350310842321 8543.80787584829 8551.20898694615 8566.306670156135 8566.663255980162 8574.460529030635 8577.5584450892 8589.541712385773 8591.18424963637 8604.98192886211 8607.89109997852 8621.126984862058 8621.198135520553 8630.919041988836 8631.985463679064
8635.599516562808 8635.934340514585 8638.097098351185 8639.184134553558 8645.469271838205 8646.835464134183 8656.3606795738 8657.307828773559 8670.7069161826 8695.196655749209 8696.896972776161 8704.177845191163 8713.428304525245 8721.210613157484 8753.175438479744 8753.400121026054 8758.216870436305 8770.727923708364 8770.816330509491 8770.816474398638
8771.011837939504 8775.410148108593 8775.652007367753 8778.756305628462 8795.195813956569 8795.748322900365 8800.98394005822 8802.469087760981 8805.91939803925 8845.169744876579 8847.257198741856 8863.699863156815 8869.371161891371 8877.958599361207 8885.0219510477 8885.054304893863 8886.21968077632 8886.390707591587 8900.997122470153 8905.456297955343
8905.625558036669 8905.930896753765 8911.13497640001 8930.60876628346 8932.045354640799 8939.019898464374 8940.674170046828 8948.669603030517 8950.757250981671 8960.34392593561 8964.299640629886 8964.748616763734 8967.830397110536 8971.763600532591 8980.664403612918 9001.308702714186 9015.735315766713 9024.71450570214 9027.426659334882 9037.23948082718
9041.035740244472 9050.29202912175 9051.294015341859 9052.610376666054 9069.17792352643 9074.513174240874 9089.387725943678 9112.86220553334 9126.109426807627 9132.87308455211 9134.397584329912 9135.549060514972 9135.717674488178 9136.421522222994 9137.073872247882 9149.593820085729 9152.024898655523 9155.58097217053 9171.1329420028 9175.40956805758
9185.53878987495 9186.124663089762 9187.197076920738 9189.668642805842 9198.350778880691 9203.006473610581 9204.479123506479 9206.040049970377 9209.026068530753 9227.172533675302 9228.463635955133 9229.96753640849 9231.075676185728 9233.664530245904 9244.242232970319 9246.06037305828 9286.743947611867 9292.45710483184 9298.431459772857 9303.935205659376
9335.261579903525 9335.499960481578 9340.820196054212 9343.122652324017 9346.205206385494 9349.313062745907 9372.649113431507 9384.087427450433 9396.170598553748 9408.90832762255 9413.034862097164 9418.176421815191 9418.774575054233 9418.839667040023 9419.829374791125 9447.514310400393 9447.791305688635 9475.329093940652 9485.130706079013 9486.499072746867
9512.656602582172 9539.237559854671 9556.235600765354 9556.947519226671 9560.441329332347 9564.259136239305 9569.06606750233 9593.332580364113 9601.415451324061 9605.366889203071 9608.187028018037 9609.47669857853 9616.586175239594 9623.98321452666 9638.228318671441 9643.116261149466 9648.424539125388 9656.533912911049 9669.843447893534 9675.31927162706
9678.305376705108 9694.811316179348 9696.20249373201 9697.623553996908 9702.176496207345 9707.788149020455 9731.943693365372 9732.313744401707 9744.183192123477 9755.471494562456 9761.209261482903 9763.138375395087 9769.87595396392 9771.949968707704 9776.211681996521 9790.700961658842 9792.601140299466 9798.098666306176 9798.78661006326 9799.224679825835
9803.886313494037 9815.351323886009 9820.94727881409 9834.127212355843 9837.767957963855 9838.267395545796 9849.154055327765 9855.793712873776 9870.518283368781 9883.560799792473 9902.661268117148 9904.098811720123 9906.493554627055 9913.316789321507 9919.068341190517 9933.943314868666 9936.13874535734 9945.22137206914 9978.914316820392 9980.539522746732
