18.11594796012117 25.155725643970506 25.70369558723362 48.55680121540917 52.968814906183546 57.912746188764075 65.69939523953683 67.23259482279143 87.02681832219005 87.36195040381922 106.68850008077379 110.17321304199967 114.7118623618737 128.4344147280836 131.03663194082404 141.3086170323663 149.04729473173893 176.47212763909903 192.15030402876087 200.89451142429436
203.62813437764248 204.64463641010178 216.62499639792497 226.36226179645337 227.11416211195322 232.01182955467803 232.07022004348653 234.46394604763165 240.23200755852736 241.829576094168 247.9340918975237 268.1985781876428 277.56435985607953 280.5053851063033 286.81552905525876 287.3957004758354 292.5163971871092 293.8264241683186 306.35292865219486 308.49116965894655
311.0030007849329 323.8078360159835 328.21772750867837 333.76564452655464 341.9541627030753 344.6120151660781 346.24176266138227 349.8347892715481 350.2108157687511 352.05609017636476 362.9673457695959 374.3117779872951 387.20050775582826 390.28235853279415 392.3137939175658 421.7498007659981 457.32035866617224 462.8844679151567 473.08151388620433 488.8347599626519
491.30133092952445 494.20516438690277 499.3257779442528 499.44882847401726 505.991079637067 511.28941992075625 519.1499038287906 519.8501474392814 522.2740469520614 538.466832850677 545.5788092657455 566.5928847708846 571.5096627123928 607.1960545489441 613.1527550157679 615.1260885708621 622.7069550516628 632.0114584525616 641.4053311343038 644.198971988964
648.5294058385005 652.5949756683092 660.5653830773128 674.567008240683 690.4255702929929 707.287538471888 714.2515983549791 732.9271360543255 737.2045325202458 737.6600007872503 741.7190769501947 761.2773218224067 764.9317536075062 772.5959349564126 823.6802940757736 833.0002586743135 841.5751821236595 852.7621792130924 872.1335265558927 874.4051258998376
878.5291095588454 878.9601815633097 890.5389466610536 899.7825955361071 908.4395389282429 924.6590176991576 943.606489394272 945.7422395454118 949.7332716122042 958.0518813621964 962.8546672838389 963.6104638698173 983.3806814913282 987.6172547729667 1004.4483410611049 1017.3114782828285 1030.3273859466856 1032.9590830463853 1034.875867660412 1051.7866642978713
1053.7037611948563 1055.9199035875276 1065.376206176919 1069.5173057575025 1076.986653795683 1078.6103445845986 1089.1914665474035 1095.4697112077915 1110.7365412500503 1115.5269655888844 1116.4757167502482 1119.8399784283397 1134.379206711963 1136.4884111932272 1152.1574742673856 1157.0196168350433 1157.4247366376123 1173.8793925387192 1177.8031845406222 1185.7177603296698
1186.6992197014115 1197.4978926844992 1206.6695496075308 1217.6684807729378 1263.2770556596406 1299.3272799061263 1300.312659054158 1303.8204470059966 1304.9015724681424 1304.958452662316 1335.959846727962 1345.8172940712398 1348.1061822977126 1348.4008933187054 1350.570917491417 1350.6553101896357 1353.0256155277732 1366.1682295772237 1375.3611313795643 1379.747732479708
1385.9190999584425 1394.1905459169434 1399.0146926108393 1436.3001844564083 1437.4305403459164 1442.193575820182 1443.777679445708 1462.3149160899495 1468.95094768128 1473.3085727306616 1482.1397186101947 1483.626229002919 1519.1063400074645 1525.68811612503 1526.607186678821 1545.127707030528 1560.4883925999213 1563.0763185088804 1564.9837941511314 1565.2116554213646
1581.620894827468 1587.5772047826674 1629.6649636191974 1679.8419361829754 1686.6502110972924 1686.6679403879114 1694.244775033621 1695.1162252665563 1701.8860241101963 1706.5993597193751 1711.1493138102153 1713.6649075394528 1715.2899698774404 1719.8319403416108 1727.740764625333 1734.8137849653301 1741.3102532478508 1749.8876010372578 1753.54183651802 1755.789556442342
1759.766154634591 1768.5125086295516 1777.7756117651022 1786.321847700022 1805.8422053880774 1806.4425133462935 1816.327574502935 1827.7906318036419 1828.5565657343516 1829.757694646511 1832.5885835812062 1839.662086766718 1841.117490004367 1859.3303574176457 1878.475390017018 1881.239271189954 1893.8120607895503 1896.7537501560305 1902.669695279441 1929.6112255289954
1934.0607405572118 1938.014885027849 1944.377920325463 1947.1632367127222 1947.2780589232175 1955.1896320382268 1957.32313156061 1977.242110488393 1983.192721662357 2022.3013293922686 2023.6501814355245 2025.6528489028324 2031.0219233620285 2034.057533002378 2040.2997534805922 2045.4464244968628 2047.4914644482467 2049.277275625474 2058.5141747685752 2072.223985307751
2080.9262020810315 2092.0633797376754 2092.388974989562 2104.304422835952 2108.8182626476437 2124.0579851319385 2136.1459563449403 2139.669319120503 2147.145222934278 2161.163815512199 2164.526212632232 2181.2764601306435 2187.2280221251526 2204.342953725059 2213.15484436567 2218.4855200816824 2218.8426700670016 2221.918716930571 2227.009245736228 2239.8054794630216
2242.4728576218454 2248.036803498945 2251.8258639355204 2256.6884072290495 2256.811356683146 2257.5837839599744 2266.927682314772 2267.828121247665 2281.3802168817297 2327.43093822779 2330.1978893315754 2361.2347954729553 2376.650699991357 2380.512827450465 2381.043110818646 2392.773442362012 2405.8393678159327 2410.76949485282 2413.3198790455544 2416.9168747016447
2419.711970913575 2421.1496054287018 2427.7356331358933 2430.954022043139 2432.0570839775014 2446.6305168302492 2447.263526769005 2453.2085231960987 2461.8642138243076 2468.4267596257146 2473.1340234351574 2473.7921148885935 2484.601439243824 2506.521214391619 2508.9058647708152 2509.6467022041415 2549.76975078001 2572.7822674731806 2580.5367172202477 2593.434771190467
2595.338714790372 2599.195297297012 2605.020775658985 2632.158316011839 2636.7454538038605 2637.0111560395126 2639.1286346178754 2640.920070980396 2650.5288399078186 2651.7529286935405 2668.6362505490315 2673.7912266822927 2677.17640765046 2697.6830398910747 2702.421147150249 2716.6293109459825 2719.6665871419077 2722.6752322044954 2729.940131871563 2740.06707116083
2750.059640345608 2760.3280547691024 2768.29753783978 2770.695161945486 2770.7231295363845 2802.318934009215 2837.0671017678073 2837.7567709485097 2840.9711911835357 2859.9897455937653 2860.14817654611 2895.633379844146 2897.8898255117147 2923.5995285310514 2924.769339994099 2925.0443363014833 2929.985933771475 2941.3395271225786 2956.6967855134085 2966.660128551484
2970.499232720016 2988.673045400052 2995.148080255827 3000.4383553039283 3001.5715387024975 3009.6258750190664 3021.342878210961 3024.888437409504 3030.0880576800027 3034.3290503410426 3034.5101655207473 3038.401485030928 3044.29193017839 3071.790598866899 3081.082548579518 3083.080269821633 3088.236392001856 3094.4295950967203 3107.548160454576 3108.1350075745495
3108.3608115981087 3111.4339896345878 3127.0106292865785 3129.9731705286104 3135.37934262046 3138.429497235404 3141.1472219169946 3148.886275535534 3164.637117513275 3168.9538011437344 3175.813116625873 3179.6266262553795 3183.4480043566614 3184.6217006981815 3194.5202674885963 3195.5087463037726 3195.700977796934 3196.0230748748518 3203.215032068264 3247.854047560952
3247.955588034027 3250.92589574847 3251.7430766385737 3255.617374015599 3266.1786063935615 3286.659017339282 3296.5261054882944 3307.03396076092 3308.2103811505235 3311.0697266437096 3315.375394790181 3315.7094021121025 3325.229439070152 3335.0282159262433 3347.1747992152054 3348.364557596082 3356.415718801221 3367.5442326854377 3371.037902029409 3372.8689503969435
3373.6626044881677 3375.6924671747847 3377.8795200072154 3379.7580043493704 3389.8619428382003 3391.0604068535054 3401.5185520645095 3407.431270746147 3419.5129739055665 3424.184787100526 3436.3544159508288 3438.3019984054686 3452.573352263358 3467.133716646832 3467.7833007515856 3484.8016979735407 3494.4124114037436 3502.272243962705 3512.9082903198573 3514.2238762487377
3517.490116984077 3526.8656478405314 3529.7060369344003 3531.6674960408777 3540.3627700452134 3541.542064529749 3542.6052350977698 3543.29314881925 3548.607045125579 3559.8173697473303 3565.2074606818874 3576.5673828307363 3587.126451462834 3588.289029280315 3588.411424804667 3592.1753936135747 3607.7977244423078 3618.6951679999447 3622.4823859539333 3625.1097282752266
3631.764617490698 3633.5410495546816 3636.1105423319473 3637.190218613816 3640.0206519885323 3649.6003843792832 3673.4985498766814 3680.4933851928668 3681.045379651088 3681.4627542306735 3688.007279300699 3693.4279093471823 3707.3221737948725 3725.6817859513703 3726.588179643656 3740.763627757353 3743.2649622958293 3744.3165740239247 3746.4918146634363 3747.653160335369
3753.4625048105063 3768.644211391773 3769.5959487635155 3774.81722147764 3776.222449162282 3780.696469258318 3797.0363982991607 3797.822497922023 3812.160762469181 3838.6301545001243 3838.7459725517692 3858.4002609218537 3871.6338621502878 3877.252646910224 3879.8682459452316 3884.5688443418526 3884.8130743058773 3894.0913746244055 3902.4120370265346 3931.2837824445223
3940.0168986109106 3952.9012255866346 3953.4393540735014 3959.0645745375195 3963.8961273930795 3966.47696956142 3971.104316449785 3978.1170910981414 3981.9620956308922 3989.854816959851 4001.1768503329226 4021.5139116786904 4026.758746226132 4029.07901687524 4030.6820442407975 4049.769326418503 4054.1227702504534 4060.0207226527887 4064.1172314292685 4070.6895600807056
4081.1226516871957 4102.2440028622805 4129.6655819439975 4171.922886137397 4186.078521710191 4187.758913750672 4190.571306313843 4196.624919049341 4200.063207724956 4202.948830174288 4208.655420641795 4208.788577688653 4216.916416971091 4236.618639990295 4236.84962487695 4238.7816676782795 4241.9172224397735 4245.198725658023 4265.71406769618 4267.736399216335
4283.336326660183 4291.849434096137 4297.762423820305 4315.5133414483225 4317.77079500302 4344.312503530639 4397.676630894898 4401.0386132332615 4403.495109366147 4405.842435880659 4414.463473539558 4415.669949060597 4445.879758137564 4450.023128215404 4463.0002789811815 4463.8823441624045 4487.13330023164 4497.642510428845 4500.6012790878 4506.708378665645
4510.5963014584095 4511.475757011029 4512.309166149904 4527.046315926555 4531.576866406989 4533.165691773099 4535.185343417798 4538.389809407475 4565.833442861988 4570.556285431623 4579.007508870316 4592.414091750157 4605.919070984497 4611.748708661009 4625.085963101049 4625.572814027681 4626.688230327518 4642.319339304849 4643.79771499625 4656.14405616184
4658.295405134631 4663.178876805122 4667.521833195332 4675.434780090191 4699.288334875965 4714.110940359532 4735.2333367460005 4737.679770570481 4752.54551045538 4754.976895937164 4779.710368984151 4787.688139714471 4794.433565170826 4800.1515284024135 4804.229551841486 4812.080420519137 4815.7889817964115 4817.45907286088 4820.080397636154 4822.265796062473
4825.958795972918 4827.570789155494 4830.323661520341 4840.794602712922 4846.34460442587 4858.794638096316 4861.5718513001075 4867.648957382652 4870.039076298442 4870.515084048516 4877.060500721853 4877.234597362891 4877.865358530747 4897.801657034274 4916.2665511436335 4918.045417563062 4918.916261469692 4928.227512282721 4944.70112049859 4969.5538874569775
4971.517531303309 4974.225151160291 4976.5778402390515 4988.347753516868 4989.844912257645 5029.140585518771 5035.455843652011 5041.06025071327 5042.050142198088 5045.10499676568 5046.173441499977 5054.702193370652 5061.106397239131 5063.2143540417555 5066.754041441318 5074.196162800172 5078.246864472764 5088.5024291561185 5097.619867741334 5112.261331634718
5113.320342200484 5115.389361744728 5120.4624696188985 5120.662992712158 5126.20847981555 5129.251959081602 5171.729112058137 5178.697407379071 5183.643786360553 5184.04373320152 5185.155794908605 5192.06531455243 5193.577988944015 5194.545344902195 5206.806706829124 5209.023029429111 5210.888527776559 5226.903849216834 5232.21484475609 5237.288813607286
5251.110438785119 5255.783633924905 5273.6057418627515 5274.871686544208 5274.915753361586 5283.782642001071 5293.538784077819 5294.073948932131 5297.368509076009 5318.847100229711 5322.219857275846 5329.710965393132 5337.986849954131 5352.464748955053 5355.6040267675535 5363.998069673869 5400.577419158322 5412.445191476935 5418.131836195184 5418.2415310459655
5420.074169068989 5434.926700971339 5437.876314063722 5449.755984114754 5457.036868689758 5471.989450192033 5512.575624625095 5515.199489055414 5532.799296775434 5543.09341969823 5560.03833474165 5561.922093268764 5584.3308321377 5584.936610826855 5585.45376054183 5589.001651369705 5600.493697307098 5602.9892983800055 5604.015518679936 5604.290617925456
5607.675625815424 5624.768882732969 5627.242592531155 5627.27595410428 5632.136797670625 5642.411762677652 5642.747065724597 5645.568913268737 5648.971417045722 5671.594507114573 5680.23637983767 5680.361699625716 5684.770982136347 5695.515458182863 5712.574397179273 5712.840644153729 5724.707864680152 5725.440223608418 5730.682713654701 5735.507755203949
5736.130843946621 5747.721850728435 5763.155505869357 5766.101547438427 5780.175718204644 5780.411580939323 5808.432387780277 5809.873092577706 5818.649839106291 5819.783052726812 5822.497807243587 5835.3898426193 5841.754450446299 5849.9400948874845 5860.538606031639 5870.594139591259 5870.695253589675 5878.02306175233 5882.822585048677 5889.3717222141395
5913.154537883518 5936.961701507453 5940.773772109335 5941.638351489525 5944.628136883938 5946.37054773305 5964.699789673742 5965.265587170788 5965.4874339848475 5966.039370979236 5966.889029186346 5975.341636615838 5988.890805544129 6010.332099035939 6014.339947347727 6031.4361335952835 6036.019552314904 6045.958705475714 6052.833914102127 6053.014527701845
6067.517922648712 6070.3764919193845 6085.772772128912 6086.530398776066 6095.274679172016 6106.970609116611 6112.411249331916 6122.426422585223 6129.939474057773 6132.4925836862085 6141.3958516579605 6146.653971022282 6149.554765762687 6150.726334525666 6153.5155466440465 6153.721650091002 6159.502646390408 6183.230287546962 6203.914241176642 6207.0480841292765
6234.818426278055 6246.296038684212 6258.391201304776 6261.480330645889 6273.087734191123 6282.593046855466 6308.093415332748 6310.977138160776 6311.894351135292 6315.010896446859 6318.450560752417 6320.106491573713 6320.128435169082 6326.4456240692 6334.363491699923 6386.0788668296955 6399.449307063614 6402.143729154049 6402.243112601233 6406.134373237277
6409.961755342108 6411.93012735844 6449.384566664125 6463.527168954446 6471.31381904119 6485.997208993728 6502.4064349127475 6505.544192062921 6517.431559081014 6519.715517724143 6525.381062876035 6539.093186914367 6547.58738315505 6579.444373159342 6581.84932391868 6598.411989959238 6601.6589628876545 6612.081223104662 6613.930481160362 6621.937072129117
6630.713699811341 6638.980673587892 6658.283875976342 6681.601330475049 6683.089114156985 6698.440409191029 6701.142910757826 6714.624074382665 6717.683117111724 6724.798829405821 6735.657228590082 6736.669765913301 6761.927240129503 6783.1357145872 6789.429372495212 6792.864853493618 6794.571635468794 6796.724933821219 6798.218063026292 6800.837577518471
6804.043173724286 6827.646239266849 6830.494806213908 6830.83935160704 6844.309828100388 6844.404922310895 6856.010541926041 6864.981312171893 6870.739110284696 6872.942447869063 6873.347700589985 6890.818401498883 6894.536887425405 6901.01700995017 6913.222917490667 6932.09497188907 6963.33468982284 6977.959162358732 6986.798178277717 6990.316834467073
6997.3479293455275 6998.050072404643 7001.969522695416 7014.343038702934 7015.838928025688 7019.905132975641 7020.889105822194 7036.369586763328 7037.75143053223 7039.962321115579 7042.686530628055 7063.3710244985705 7087.945720704201 7108.767025252356 7123.100845421511 7126.070933209865 7127.7583884135975 7129.2806966207945 7142.046001094612 7149.727037291223
7149.964642755098 7157.386633641921 7164.758354737074 7170.034114514554 7188.393775846391 7190.143031327384 7194.25564849656 7202.589680246471 7208.298746525198 7218.293219512998 7219.725048802878 7254.418897758627 7258.70620110897 7274.300184269256 7275.690463300185 7281.179834748404 7286.7221074391455 7288.6949246956365 7321.238369374121 7322.8875269826785
7327.610615576113 7330.191362272868 7331.4679813655885 7334.600356928571 7343.215665524661 7344.508053322916 7347.938902078811 7355.981643970719 7362.768014623873 7362.903153110011 7366.793279340603 7384.224917048724 7388.172974514364 7390.814950820367 7420.606156898392 7424.710796150272 7424.984715433645 7427.256772010976 7464.445381270616 7464.821011255927
7475.022409239188 7490.70600564026 7504.095723902392 7511.540360693792 7512.30493053186 7526.95214562389 7535.918162650307 7536.8409389201315 7550.540571092344 7553.962469808557 7557.230961796297 7557.517958564132 7561.440913922647 7583.730019884283 7597.237223834346 7598.380698552948 7612.145715179883 7614.91906478851 7621.665667191621 7623.664163268351
7625.936239570633 7628.596459363548 7639.468964998903 7646.1640383958775 7649.407583235004 7650.091315805514 7652.834054496778 7655.646870778633 7661.501075790224 7661.915059220093 7668.306997870722 7668.499347535953 7669.167060761113 7687.849750735924 7710.433704119082 7728.760548164907 7742.138864425049 7748.98280700519 7756.939087574191 7765.960596220778
7788.626657336564 7802.684006841273 7805.8599096701255 7806.959510495473 7810.463337581742 7823.4957470334775 7842.707101139253 7846.673970701104 7853.0329763549125 7866.67693999332 7869.888919077368 7880.8428283405165 7885.084752112457 7886.942480054272 7890.93263471594 7911.238410496543 7912.201115846562 7912.805875758952 7923.812456384647 7925.750086672625
7932.547709255935 7956.506128213402 7967.7437701111085 7968.904402272109 8013.640325571486 8024.599881647338 8038.5558200510995 8045.84084300915 8062.738603362396 8069.925842437024 8078.728345161926 8083.058292236903 8088.049278955067 8088.3328305817895 8088.437204645104 8095.136864020266 8096.45819674549 8101.4139994848965 8135.184989711691 8136.823910961944
8142.7706343544005 8164.098748016453 8168.748830840993 8182.319678107445 8183.796344614659 8196.338164841362 8201.167780062531 8202.993369765078 8203.750795412016 8212.46593009358 8216.495457441135 8231.525602495089 8242.086471548431 8253.950838412826 8266.07272096435 8271.803196883175 8277.862280428013 8321.70177506619 8323.316013561225 8329.408336816907
8194.645672345037 8213.352436432457 8220.455068128682 8231.703594209343 8240.566984720695 8248.760774897819 8287.514722209793 8294.754999998706 8298.043225983725 8303.863020120822 8316.717862218138 8338.050588135773 8359.982325922198 8363.087208278039 8366.147896901626 8373.896943005551 8377.674081818343 8380.50655505319 8380.580630661307 8402.652173998838
8409.1458835883 8416.274598558484 8416.818425985992 8417.064890165067 8427.587521601214 8432.706807426739 8438.69292271268 8439.165232060801 8445.024139941805 8449.50838493409 8455.519406266629 8459.288208512382 8463.010290774771 8464.592234231815 8469.979164545586 8478.136285314586 8484.066378583784 8494.077327625111 8503.41315399932 8508.522232234118
8509.037782388348 8509.432624283856 8515.364264751626 8524.740861120268 8526.323191869044 8530.141673097378 8534.609678659217 8536.211450854877 8537.001217028694 8545.708815642065 8559.106697082503 8564.79397062481 8565.721844889656 8571.52958829848 8573.98414575576 8595.524001831307 8595.909338018439 8602.211152945212 8635.96031659368 8642.398281877546
8645.520979333287 8654.59419104341 8657.309262476778 8660.850986074194 8660.898607653393 8671.675364625593 8674.954906098108 8680.000744894856 8681.41385835632 8694.399607155325 8695.936726217875 8704.24343462085 8707.132870170899 8709.445997258008 8715.674073123877 8716.495961440414 8722.395942966383 8728.567104341859 8756.173444735228 8758.396623692137
8759.7108964609 8771.48366003616 8784.102777229207 8788.774136833275 8803.11243647277 8803.363227525306 8813.909637704972 8818.33642050988 8818.832313727069 8821.066827938004 8828.648904230224 8839.830732791934 8843.932887348503 8853.815221654828 8860.25261631456 8866.907890124648 8871.86412643923 8872.487721010712 8884.17958121363 8888.271206964911
8911.102079126647 8918.358622735832 8920.585536330591 8925.091163649777 8930.015093337093 8933.238012232498 8945.282217851416 8948.715665265594 8962.875289961361 8969.446001072076 8982.882824295579 8995.014069619861 8996.121471781966 8999.227274975285 9010.625905833098 9010.984734716489 9020.319153238781 9025.267147961067 9030.00793641372 9037.6951173509
9045.089776653904 9051.502409720686 9058.376318239143 9062.556501270627 9074.320019863688 9091.06530195538 9091.267139783498 9111.749987337931 9115.971638266132 9137.52131338372 9138.472641624056 9147.465202543644 9154.577519695938 9154.854567728533 9157.418274446152 9162.21954188878 9169.325374324342 9170.748450813968 9190.334993341701 9192.932651929801
9201.285810445119 9206.232453416238 9207.906660777511 9218.424710536035 9219.970317663297 9242.174983683339 9247.932392801613 9249.351576919726 9253.48892283857 9254.631557769671 9254.632326417324 9269.56389868417 9279.186490175518 9282.097826669542 9284.43357963138 9286.60832946443 9303.400763103247 9310.888381914841 9310.980654731493 9333.365552072923
9340.198693184175 9350.685649991867 9357.222762599833 9377.99667056722 9378.483930561837 9383.432247351304 9395.493108783285 9396.227429124274 9396.349831848414 9403.913801505676 9408.728417833448 9410.149223858645 9420.089466129144 9425.476927192589 9429.285242378135 9440.42460460015 9455.441447347346 9461.033646630607 9473.594103079524 9481.870543248931
9495.256593533099 9497.481484773893 9512.71884835147 9530.269273791908 9533.258129393407 9543.529749702819 9543.66187933764 9544.997842666146 9556.47062108091 9570.193670445253 9571.225763342878 9579.179151562646 9595.148808535308 9608.301868461072 9619.204427264736 9621.681857677711 9627.199110174472 9653.91049786028 9662.604570888168 9679.597750964063
9682.923684735804 9683.345930342723 9696.535605557388 9719.72982984341 9723.899368670185 9725.43812540641 9728.123935607367 9738.664183794359 9739.367314440595 9740.133466687827 9741.607124210672 9746.618087314275 9758.624346608442 9765.100768235505 9779.712856102795 9794.336520798342 9795.069903696041 9795.620483749959 9800.875274480491 9808.565627171334
9815.873495683662 9828.804658515717 9835.883368141362 9837.458342708434 9855.113749445462 9863.36702906275 9874.461157844918 9885.157722093722 9889.525942125381 9897.3541153324 9900.600897381182 9909.95913408917 9911.982433231273 9948.31058799801 9960.75616723941 9977.808176210914 9983.605866599437 9986.543381470994 9991.6587956708 9997.539026579538
