4.560719441846217 17.549048561208423 39.243497156178364 49.23485454174647 60.70467431542603 64.04815055545909 70.23046030024017 89.39974766807413 111.9889214770764 136.0882755996906 150.92835371852797 156.62351436283473 187.13144217997413 192.82813927778975 223.16805529990157 243.83382692976463 247.53907011753506 257.43069860068914 265.5015890886936 300.3886956208701
327.68361347131014 339.1491216896958 368.14195157223395 369.63587609917136 382.668008053626 446.9139698542501 464.7002252853172 469.04273227508673 471.93313687110106 494.95259688892236 531.3159823230518 575.1297833526314 587.4388919995143 592.9747693114263 603.2491498631198 635.967560781796 641.3973219429581 642.8501316959456 644.1823244632538 664.8309012309694
675.2054388046369 700.7028314107744 723.2976677355351 765.3533189470263 765.628616347619 778.4379125516772 779.3821219421948 789.6360651854218 800.8220485545158 823.139151624257 824.8643887769568 854.0433864876873 884.7193224362637 889.8604777491659 901.9790185568843 915.4871065703385 919.2201979889236 943.8020305244288 958.3926206205617 1051.8770826705893
1053.1445257560445 1067.563168262925 1080.9619061931141 1086.2262530364485 1094.7185572682095 1103.2462189626501 1114.642827658524 1116.4171572569148 1123.333510224539 1134.1810451638835 1140.994365658884 1174.3263027496432 1199.7620941197474 1213.1884212371835 1247.1375460676948 1263.4170483520745 1271.6079141339353 1298.7905897167918 1311.074771211138 1315.0637850759883
1378.7158423782907 1389.1620123621008 1413.800880051561 1423.3965048327811 1424.388004422492 1428.5147840524448 1434.3165605357767 1461.3508217089388 1463.5733383073757 1463.6176329488248 1467.3485205369475 1519.6301859931073 1538.6869677505167 1574.9343234511803 1575.0876800488845 1646.31206354379 1662.9933407952678 1664.695560825159 1689.7488854151777 1696.9889419730798
1729.6121539298947 1754.0765264352253 1763.5974686712707 1819.0562944355936 1840.6236545214495 1859.164017144388 1883.95288171054 1898.6250808920713 1902.496695903063 1903.7823535092202 1908.1089805518259 1918.048758665676 1923.6597219503449 1934.1143586844566 1946.21160344028 1994.1704204443965 2005.4027873800906 2010.987181365652 2014.5984479305569 2021.4467396400937
2027.944812652861 2050.5574410347194 2052.647671017478 2081.5921299452875 2082.243625053004 2107.729676956185 2136.571002369921 2140.984571737866 2142.529159538923 2144.351518205068 2150.7098729727504 2162.5139697328354 2184.460707811723 2185.8353616866966 2197.443667050023 2202.8822092513 2207.1831942864783 2209.4846674204005 2210.316721914031 2220.4254599441397
2239.9011661984623 2246.4252799948827 2253.9734269344603 2277.7653816813636 2291.7261268258094 2299.3943008580786 2308.0377293491474 2322.409861050938 2371.342030200694 2397.5815148098377 2418.3680058341083 2431.0077183388403 2444.490358698628 2461.738909777881 2482.255710358451 2482.287770443122 2483.8905373609787 2491.880803394402 2500.4073805621088 2520.7689935921176
2530.7635489430045 2532.8237705031297 2541.62947455433 2542.302098065361 2542.4130936111733 2543.1707852112318 2625.615639257175 2658.061068009834 2690.6958424938653 2695.846372271317 2701.618968782724 2704.1616507508857 2737.5911487718895 2744.1492314364777 2764.6001916034425 2789.7880784690055 2791.753211109459 2796.309985419969 2835.978057681817 2860.520229135516
2875.247541188364 2876.636046222848 2915.4775848581626 2947.5775992486742 2956.0794295754445 2977.088280414534 2987.132356191227 2997.4512864638027 3012.2543054004823 3047.7132479793 3066.4228379369306 3080.908001191954 3099.0949826306137 3164.8289111732274 3167.2082348811814 3183.1854577288323 3188.4247898431627 3209.8334808639584 3253.6451272400845 3257.707548293265
3258.1644672850584 3278.2110442379176 3317.74522205458 3340.7898486954546 3353.6414976119654 3357.428703456612 3360.7426425536637 3383.5785468832282 3403.5599143927307 3406.5261523544277 3409.0084366306573 3468.4805812504073 3477.435944194257 3487.39594101274 3512.9347171391178 3532.4898587154794 3535.3463969785535 3544.611746457902 3549.509740330996 3554.527764234512
3558.450618626504 3563.938550166601 3569.1741541987553 3571.368048592647 3573.8776626256395 3588.954952466027 3607.425506752242 3615.4374725828743 3631.101639415163 3641.4415779056685 3666.3443671991213 3698.5218009386867 3731.446028045031 3732.8628265020293 3740.6891626942083 3769.619317414755 3805.3575937477103 3821.3928148405075 3860.3167900953927 3865.483801328
3874.6631882189617 3890.6741741351047 3892.5478486058105 3910.9224199972723 3915.896734466775 3917.3293384663475 3924.802812446793 3928.670361263452 3942.972321937801 3943.2266792831206 4024.773793476982 4067.9072513055758 4080.1812480891954 4082.267038671369 4084.00606335253 4091.821760976211 4092.9886883039503 4102.229555018394 4113.661215206275 4118.4740903429465
4120.666669438372 4161.44300332229 4199.310210826394 4203.771320734188 4208.631839163561 4231.36919971015 4254.941632148489 4264.703143861713 4269.985547887686 4274.827308743018 4284.159887920076 4310.601888281941 4313.621822405681 4319.400379686761 4329.479800556748 4331.026702453608 4341.36522158155 4351.568807209657 4364.298485993105 4367.575668438138
4392.610278474869 4403.863332075874 4405.12190488674 4410.608515756493 4442.613112850202 4454.461254268286 4455.860455004214 4459.258531614059 4463.190753395226 4574.259131152291 4581.2772220222605 4589.489061047465 4590.094791192597 4597.884530569393 4601.707085416175 4639.681026128841 4662.496312778606 4688.491711090121 4692.972376020927 4742.995349755346
4753.9507197742805 4771.936306432282 4780.716893484799 4809.491026616551 4836.4191616246 4855.69876892448 4875.889432395187 4879.139877521746 4880.221729792194 4918.367489249589 4927.560890967871 4975.225828473508 5023.203798156443 5027.171453726668 5074.39299394854 5076.420627794737 5083.542699742413 5102.217922853739 5121.695305841088 5136.534217242647
5145.76009214534 5195.298493869593 5250.997854903361 5288.104412829936 5292.383878720155 5313.586687190151 5322.655959524053 5324.111632415096 5397.814132394931 5404.264730064105 5411.3373115778695 5468.468088765189 5470.714316669838 5478.559100397937 5491.150635505015 5527.880426925835 5528.405183584367 5557.91669120251 5568.457408522372 5612.10042085793
5613.609629410765 5645.275839155795 5645.475526880796 5647.403450454881 5654.087466946233 5660.8748031094565 5671.569305953241 5689.0674612210005 5706.997876498007 5723.566472956499 5738.4739770304395 5738.872363264403 5765.820593147047 5774.311434835877 5776.074215586788 5778.215152741106 5810.785556744604 5873.80566167819 5877.00772156572 5877.833731293364
5878.872917294452 5906.788543166952 5916.472361568842 5930.013183401552 5958.8515392754125 6000.5713055901015 6006.169844990048 6013.043583106377 6058.80114023358 6073.791646372929 6095.674114594237 6106.593352819177 6121.1318752856705 6124.819612502223 6128.1791116064705 6147.632885221788 6158.688842762157 6178.750781070762 6216.357147008994 6233.796495065537
6238.96259413224 6259.171025599739 6270.805464023381 6279.6063659182 6287.974657696644 6300.947230648033 6307.658474751847 6344.946576287613 6354.054404700865 6396.027558476867 6408.404934672734 6414.8761382184375 6432.849244312399 6433.0617974643 6453.886677430405 6463.278647612469 6465.321762988304 6474.173443841208 6475.416229352503 6493.94759561014
6552.057928482539 6563.258437736945 6587.215842005811 6604.131451134455 6626.235741372474 6734.783931627161 6740.553330771658 6753.150853824644 6756.270384569671 6761.200526356617 6768.957695119648 6796.241604554202 6817.308261115986 6827.167775311299 6839.011442755444 6840.256412067684 6848.66526663145 6863.665966256175 6867.43417928114 6881.414440751652
6893.212182841023 6919.818758186614 6920.972866781348 6926.210318619431 6952.748043711465 6953.616148756738 6954.225668248391 6954.999692746435 7053.100881361271 7055.184688830283 7055.518339754174 7105.510965968166 7106.666553490652 7147.065454962924 7152.843507355753 7155.242651205822 7172.009851131833 7212.4958946483375 7224.995592265044 7245.882313461924
7246.643492140443 7254.415187755301 7280.75064528961 7287.554646770104 7305.245285977602 7322.157674017402 7326.685999454774 7329.2775391678315 7342.761314327417 7347.939988672081 7357.006985741012 7360.65136672275 7365.414112535955 7376.212519746138 7387.132018994803 7391.6924855842035 7413.345290546448 7435.55943677948 7438.947929725955 7452.309825298462
7455.4131193245075 7502.778118808738 7564.268821878123 7566.606114072723 7569.002123621671 7574.074282749486 7591.528759567028 7596.979268553561 7597.707460180156 7602.864959381567 7621.018420902248 7624.950857031056 7627.921137526424 7647.231809607078 7649.065682072796 7650.604326258559 7653.785435030721 7691.839626305993 7722.867028597345 7728.471765828877
7731.714432481062 7741.404937046806 7767.020222137419 7776.983842234036 7809.6401630753035 7813.592646226456 7816.96620939914 7840.76718926542 7843.571843683195 7854.246939331041 7869.0317698031295 7869.967437577421 7900.536459357924 7901.160523807637 7937.360582140025 7948.852980872248 7984.566577477206 7999.043271848402 8013.158064814028 8014.155371968287
8015.746828368512 8027.367386418849 8057.675119087594 8063.212662231122 8075.947256412218 8085.459234209935 8101.134021179569 8125.302478537077 8139.296192161418 8160.42739440551 8207.756743058133 8208.632283965911 8243.61355750673 8276.300979750959 8294.123162685859 8304.873313059645 8307.710335753825 8308.316965004557 8327.645429987166 8338.200786217982
8351.809685550183 8369.636818942086 8378.970100524884 8406.971619852327 8443.159597133834 8452.161812546869 8462.494169052225 8468.928337552521 8485.044289689225 8499.575414413755 8501.527349711301 8511.545951750764 8515.68049137318 8524.350310842321 8566.663255980162 8577.5584450892 8607.89109997852 8621.198135520553 8631.985463679064 8635.934340514585
8646.835464134183 8656.3606795738 8695.196655749209 8696.896972776161 8753.400121026054 8770.816330509491 8771.011837939504 8778.756305628462 8800.98394005822 8845.169744876579 8877.958599361207 8885.054304893863 8905.625558036669 8960.34392593561 8967.830397110536 8971.763600532591 9001.308702714186 9015.735315766713 9024.71450570214 9027.426659334882
9089.387725943678 9112.86220553334 9126.109426807627 9135.717674488178 9137.073872247882 9149.593820085729 9152.024898655523 9175.40956805758 9187.197076920738 9189.668642805842 9203.006473610581 9209.026068530753 9229.96753640849 9231.075676185728 9286.743947611867 9292.45710483184 9298.431459772857 9335.499960481578 9340.820196054212 9343.122652324017
9349.313062745907 9396.170598553748 9413.034862097164 9418.774575054233 9447.791305688635 9475.329093940652 9485.130706079013 9486.499072746867 9556.235600765354 9556.947519226671 9564.259136239305 9569.06606750233 9601.415451324061 9608.187028018037 9616.586175239594 9643.116261149466 9694.811316179348 9696.20249373201 9707.788149020455 9732.313744401707
9744.183192123477 9755.471494562456 9769.87595396392 9771.949968707704 9790.700961658842 9798.78661006326 9803.886313494037 9815.351323886009 9834.127212355843 9837.767957963855 9838.267395545796 9855.793712873776 9870.518283368781 9883.560799792473 9906.493554627055 9913.316789321507 9933.943314868666 9945.22137206914 9978.914316820392 9980.539522746732
